t,px,py,pz,vx,vy,vz,qw,qx,qy,qz,traceP
0.010000,0.019160,-0.035108,0.000275,1.915970,-3.510757,0.027525,1.000000,0.000012,0.000003,0.000033,330.0045258664
0.110166,0.190199,-0.353860,0.001994,1.896926,-3.529257,0.019879,1.000000,0.000013,0.000188,0.000239,6.1569970748
0.209890,0.410769,-0.641237,0.004336,2.027752,-3.212223,0.021776,1.000000,-0.000745,0.000565,0.000086,6.0559209192
0.309902,0.599824,-0.881845,0.012527,1.966517,-2.949348,0.039283,0.999997,-0.002236,0.000183,-0.000300,6.0246510353
0.419904,0.671905,-1.162944,0.018914,1.557507,-2.852609,0.046534,0.999990,-0.003277,-0.003181,-0.000378,6.0130218833
0.519874,0.903247,-1.449908,0.022677,1.701317,-2.878843,0.045330,0.999995,-0.003205,-0.000527,-0.000407,6.0082208791
0.620048,1.118914,-1.765717,0.025430,1.771317,-2.950134,0.037959,0.999997,-0.002208,0.001192,-0.000188,6.0073297004
0.729893,1.384622,-2.048210,0.032360,1.890728,-2.887228,0.047998,0.999983,-0.004026,0.004244,-0.000251,6.0103556554
0.829851,1.626288,-2.425567,0.042160,1.971145,-3.053936,0.054771,0.999976,-0.000001,0.006918,0.000275,6.0130526217
0.939855,1.877598,-2.581946,0.049291,2.018892,-2.769565,0.057461,0.999924,-0.008835,0.008603,0.000331,6.0184216114
1.039913,2.006983,-2.801762,0.051035,1.886825,-2.691493,0.058504,0.999917,-0.011902,0.004950,0.000194,6.0228329572
1.139936,2.166582,-2.909284,0.055691,1.818254,-2.420945,0.058868,0.999787,-0.020324,0.003654,-0.000005,6.0273814296
1.249902,2.328162,-3.239025,0.059408,1.751751,-2.511970,0.048266,0.999857,-0.016801,0.001758,0.000517,6.0338858793
1.349784,2.516531,-3.537435,0.074329,1.758260,-2.596390,0.057316,0.999895,-0.014280,0.002519,0.000728,6.0382229638
1.449798,2.639678,-3.704133,0.078827,1.654842,-2.434262,0.059685,0.999818,-0.019019,-0.000339,0.001136,6.0426183302
1.559898,2.808648,-3.979039,0.089019,1.617527,-2.426706,0.062534,0.999824,-0.018652,-0.000897,0.001636,6.0488940323
1.659789,2.967262,-4.220189,0.095258,1.587873,-2.414136,0.062457,0.999820,-0.018865,-0.000906,0.001780,6.0697752332
1.759810,3.123635,-4.460403,0.101212,1.563402,-2.401628,0.059531,0.999816,-0.019087,-0.000806,0.001845,6.0935112917
1.869729,3.346122,-4.852923,0.106062,1.621885,-2.591679,0.057177,0.999911,-0.013021,0.001613,0.002380,6.0900366886
1.969772,3.556793,-5.046188,0.110045,1.684682,-2.489380,0.053758,0.999862,-0.015968,0.003750,0.002669,6.0874624176
2.079900,3.644142,-5.412964,0.113038,1.539009,-2.620607,0.051706,0.999925,-0.011981,-0.000553,0.002339,6.0894281417
2.179679,3.865883,-5.584846,0.122131,1.622909,-2.487756,0.056789,0.999869,-0.015762,0.002454,0.002766,6.0902146617
2.279674,3.989602,-5.743207,0.129806,1.549405,-2.345145,0.063054,0.999811,-0.019234,0.000934,0.002632,6.0921678515
2.389646,4.141279,-6.193050,0.129584,1.473865,-2.617903,0.062710,0.999931,-0.011461,0.000329,0.002644,6.0968290810
2.489672,4.382182,-6.380190,0.131582,1.638571,-2.507074,0.061176,0.999882,-0.014537,0.004166,0.002818,6.0996601081
2.589776,4.265723,-6.599435,0.135525,1.213710,-2.461720,0.048596,0.999845,-0.016091,-0.006793,0.002389,6.1029258497
2.699630,4.514801,-6.692134,0.146048,1.346206,-2.198305,0.047106,0.999725,-0.023269,-0.001920,0.001955,6.1095822852
2.799626,4.508344,-6.977172,0.145616,1.105359,-2.274161,0.044318,0.999756,-0.020697,-0.007492,0.001719,6.1143313739
2.899600,4.826832,-7.004689,0.147090,1.379216,-1.969525,0.048283,0.999591,-0.028475,0.001071,0.002204,6.1189508896
3.009571,4.976701,-7.218226,0.152316,1.362809,-1.941758,0.047525,0.999593,-0.028414,0.001014,0.002231,6.1415386200
3.109707,5.103123,-7.257732,0.157470,1.312005,-1.690626,0.044513,0.999415,-0.034130,0.000675,0.002142,6.1437854779
3.219590,8.879993,-7.945724,0.261086,1.320982,-1.656816,0.042974,0.999412,-0.034217,0.000962,0.001994,3.5939114892
3.319595,9.018919,-8.248099,0.260699,1.315009,-1.932419,0.041470,0.999624,-0.027327,0.001446,0.001693,3.5934144448
3.419546,9.153479,-8.437203,0.263520,1.346263,-1.891971,0.028227,0.999620,-0.027468,0.001533,0.001542,3.6132200896
3.529537,9.295128,-8.743132,0.265975,1.362852,-2.033280,0.022926,0.999730,-0.023197,0.000502,0.001553,3.6119081895
3.629741,9.387028,-8.952013,0.264836,1.339775,-2.025053,0.021892,0.999733,-0.022955,-0.001982,0.001756,3.6108880426
3.729511,9.336425,-9.016419,0.265007,1.113265,-1.791230,0.026132,0.999555,-0.028219,-0.009656,0.000751,3.6115419550
3.839493,9.578437,-9.233177,0.269307,1.316784,-1.781303,0.027987,0.999611,-0.027240,-0.005533,0.002187,3.6157146243
3.939486,9.864027,-9.404418,0.269891,1.578939,-1.751923,0.027903,0.999622,-0.027376,-0.000309,0.002461,3.6182822340
4.039501,9.929978,-9.663345,0.271688,1.511096,-1.845087,0.028694,0.999694,-0.024322,-0.003908,0.002235,3.6213548823
4.149472,10.107241,-9.863677,0.275491,1.611904,-1.821685,0.034584,0.999694,-0.024294,-0.004167,0.002176,3.6437475269
4.249437,10.324349,-10.352679,0.281831,1.755185,-2.216810,0.040175,0.999901,-0.013699,-0.002756,0.001533,3.6433835407
4.359436,10.753566,-10.398379,0.291192,2.158455,-1.944335,0.029748,0.999779,-0.020217,0.004571,0.003423,3.6476457442
4.459414,10.871793,-10.711395,0.291449,2.135158,-2.082221,0.029563,0.999859,-0.016498,0.000818,0.002948,3.6510966162
4.559594,10.954637,-11.208149,0.295334,2.074662,-2.456458,0.044853,0.999965,-0.007163,-0.004125,0.000941,3.6548265439
4.669428,11.112865,-11.488899,0.302322,2.100461,-2.479904,0.049759,0.999952,-0.006709,-0.007079,0.001112,3.6618964211
4.769378,11.409919,-11.866279,0.304211,2.329096,-2.656146,0.043140,0.999985,-0.002523,-0.004954,0.000257,3.6664313818
4.869375,11.585689,-12.248547,0.308750,2.367343,-2.821920,0.046494,0.999973,0.001064,-0.007303,-0.000718,3.6708528915
4.979354,11.559149,-12.517265,0.309824,2.139627,-2.794504,0.069147,0.999854,-0.000222,-0.017070,-0.000202,3.6773212606
5.079418,11.799930,-12.859536,0.306650,2.268423,-2.886694,0.062213,0.999857,0.001850,-0.016667,-0.002141,3.6824773018
5.179380,12.033877,-13.246985,0.314442,2.371075,-3.066233,0.068129,0.999841,0.004859,-0.016840,-0.003158,3.6873568059
5.289324,12.307936,-13.590042,0.322780,2.492721,-3.120284,0.075834,0.999842,0.004744,-0.016882,-0.002975,3.7110702055
5.389317,12.568255,-13.906120,0.330894,2.603367,-3.161000,0.081151,0.999841,0.004636,-0.016931,-0.003173,3.7352373495
5.499299,12.750554,-14.638825,0.314911,2.578428,-3.695027,0.071736,0.999617,0.016400,-0.020675,-0.008304,3.7130558806
5.599498,13.019284,-15.014784,0.322537,2.681962,-3.752125,0.076109,0.999610,0.016597,-0.020880,-0.008239,3.7354709910
5.699264,13.276597,-15.354636,0.332368,2.751500,-3.760606,0.076845,0.999622,0.015352,-0.021513,-0.007573,3.7343872857
5.809254,13.538375,-15.779007,0.334891,2.794493,-3.836967,0.084693,0.999585,0.015148,-0.023348,-0.007435,3.7373186719
5.909299,13.836984,-16.296943,0.306726,2.902265,-4.055082,0.064777,0.999515,0.018992,-0.022995,-0.008977,3.7388298803
6.009235,14.152944,-16.790706,0.313145,3.019669,-4.231121,0.074074,0.999448,0.021592,-0.022577,-0.011293,3.7412223785
6.119271,14.647811,-17.288362,0.328864,3.322331,-4.343480,0.073942,0.999527,0.022446,-0.017729,-0.011287,3.7462512581
6.219244,14.930511,-17.669455,0.332372,3.325539,-4.334740,0.073220,0.999543,0.020661,-0.019394,-0.010532,3.7492981466
6.319237,15.272144,-18.109183,0.339842,3.416576,-4.397594,0.074703,0.999548,0.020617,-0.019305,-0.010311,3.7704834399
6.429192,15.447601,-18.712489,0.342047,3.217216,-4.627392,0.084360,0.999302,0.024206,-0.025898,-0.011817,3.7727490597
6.529197,15.835182,-18.948606,0.357115,3.348253,-4.396426,0.111404,0.999546,0.016569,-0.023412,-0.009173,3.7741064313
6.639385,16.419960,-19.516661,0.379412,3.636240,-4.551670,0.111877,0.999665,0.019163,-0.015295,-0.008344,3.7787373914
6.739184,16.832886,-19.959908,0.391749,3.683094,-4.589687,0.101113,0.999710,0.018799,-0.012478,-0.008443,3.7816116008
6.839172,17.076244,-20.401198,0.405682,3.466583,-4.616630,0.094304,0.999676,0.018304,-0.015661,-0.008205,3.7849728991
6.949142,17.400995,-20.678945,0.407696,3.347578,-4.349160,0.083780,0.999771,0.010348,-0.016853,-0.008162,3.7906722935
7.049290,17.747908,-21.324259,0.422157,3.330411,-4.667524,0.070245,0.999686,0.017479,-0.016011,-0.008136,3.7949873979
7.149218,18.032753,-21.822453,0.446011,3.221782,-4.766593,0.076916,0.999648,0.018398,-0.017402,-0.007865,3.7995636871
7.259117,18.621631,-22.328268,0.453340,3.489525,-4.789889,0.068124,0.999769,0.017413,-0.009307,-0.008538,3.8060879058
7.359106,18.998063,-22.797229,0.459937,3.503337,-4.832947,0.063709,0.999785,0.016924,-0.008185,-0.008731,3.8110635969
7.459068,19.346715,-23.284237,0.466053,3.487835,-4.871916,0.061190,0.999789,0.016767,-0.008037,-0.008767,3.8315087857
7.569167,19.684728,-23.720726,0.472521,3.393717,-4.793995,0.061758,0.999824,0.012719,-0.009540,-0.009942,3.8354005637
7.669085,20.018929,-24.204707,0.479065,3.344739,-4.843745,0.065499,0.999822,0.012753,-0.009640,-0.010049,3.8577565506
7.779040,20.307390,-24.599932,0.489476,3.192763,-4.702702,0.066254,0.999826,0.007823,-0.012227,-0.011724,3.8580855676
7.879069,20.622707,-25.075214,0.495489,3.152232,-4.751401,0.060112,0.999841,0.007770,-0.012089,-0.010564,3.8818219951
7.979021,21.047525,-25.406002,0.504939,3.243355,-4.593764,0.070616,0.999884,0.002513,-0.008378,-0.012451,3.8568687061
8.089141,21.395516,-25.915396,0.513265,3.160129,-4.625854,0.075605,0.999885,0.002413,-0.008455,-0.012326,3.8808390813
8.189001,21.822953,-26.184882,0.499409,3.274868,-4.401032,0.075658,0.999872,-0.004448,-0.004616,-0.014636,3.8627874734
8.288999,22.074142,-26.658289,0.502290,3.138270,-4.461661,0.061859,0.999874,-0.003109,-0.007034,-0.013854,3.8668274726
8.399017,22.637923,-27.079904,0.497829,3.427036,-4.383026,0.053229,0.999879,-0.005601,-0.000037,-0.014502,3.8729418804
8.498966,23.172706,-27.500532,0.514835,3.676180,-4.381928,0.065653,0.999858,-0.006592,0.006490,-0.014090,3.8776308669
8.609159,23.576272,-27.984855,0.522024,3.662362,-4.395235,0.065239,0.999856,-0.006584,0.006615,-0.014159,3.8999203787
8.708935,23.699775,-28.362179,0.524080,3.343533,-4.282706,0.061536,0.999851,-0.008302,-0.002354,-0.014967,3.9014240158
8.808944,24.146872,-28.744169,0.532585,3.485856,-4.208249,0.070717,0.999826,-0.010169,0.001525,-0.015535,3.9044648026
8.918961,24.529541,-29.208507,0.540637,3.478261,-4.220604,0.073194,0.999827,-0.010341,0.001613,-0.015386,3.9281551736
9.018889,24.739781,-29.612670,0.557426,3.286598,-4.199039,0.078255,0.999827,-0.010817,-0.003170,-0.014818,3.9277301710
9.118929,24.797300,-29.967798,0.561519,2.895786,-4.120545,0.070488,0.999716,-0.012576,-0.012714,-0.015744,3.9288340057
9.228882,25.157463,-30.516338,0.567686,2.924805,-4.254877,0.072229,0.999789,-0.009358,-0.011303,-0.014402,3.9338550626
9.328883,25.527908,-30.965389,0.570675,2.995487,-4.297185,0.072746,0.999818,-0.008808,-0.008481,-0.014657,3.9369106154
9.428850,25.699691,-31.368028,0.579965,2.787911,-4.290697,0.070402,0.999751,-0.009745,-0.012979,-0.015310,3.9403131008
9.538848,26.127359,-31.945958,0.590462,2.891280,-4.441234,0.075490,0.999838,-0.006238,-0.008407,-0.014640,3.9460461697
9.639029,26.391937,-32.272433,0.594243,2.847851,-4.306130,0.075496,0.999778,-0.010734,-0.009314,-0.015565,3.9497362990
9.748848,26.701336,-32.589707,0.601315,2.813777,-4.092399,0.076465,0.999680,-0.016284,-0.009292,-0.017005,3.9555587326
9.848931,26.978215,-32.997932,0.608994,2.766486,-4.078855,0.076731,0.999675,-0.016175,-0.009318,-0.017374,3.9762628206
9.948834,27.254431,-33.480527,0.618057,2.709526,-4.194704,0.074209,0.999725,-0.013668,-0.008882,-0.016877,3.9768499567
10.058936,27.664167,-33.818700,0.611534,2.797454,-4.020436,0.056910,0.999668,-0.018221,-0.004787,-0.017565,3.9662834152
10.158853,27.885992,-34.313662,0.628103,2.695474,-4.139741,0.056533,0.999727,-0.014800,-0.006675,-0.016797,3.9711261015
10.258787,28.210050,-34.571595,0.635446,2.745885,-3.918687,0.066031,0.999613,-0.020642,-0.004729,-0.018037,3.9760374132
10.368734,28.634678,-35.154458,0.637655,2.895069,-4.134549,0.071678,0.999747,-0.015236,0.000252,-0.016537,3.9827824668
10.468740,29.000451,-35.478744,0.606431,2.991101,-4.005497,0.051559,0.999675,-0.018761,0.003139,-0.016961,3.9877147321
10.578847,29.353378,-35.915166,0.622447,3.005761,-3.988597,0.049650,0.999676,-0.018685,0.004148,-0.016766,3.9944078801
10.678747,29.806238,-36.294719,0.647680,3.214947,-3.944488,0.055994,0.999618,-0.019612,0.010284,-0.016562,3.9989448448
10.778710,30.033815,-36.730602,0.651402,3.057196,-3.996905,0.044228,0.999685,-0.017889,0.006969,-0.016148,4.0035644176
10.888696,30.359055,-37.010203,0.662395,3.030622,-3.752079,0.052365,0.999542,-0.024041,0.006166,-0.017293,4.0101343549
10.988684,30.669529,-37.394132,0.684925,3.025866,-3.749115,0.072055,0.999558,-0.023528,0.006597,-0.016917,4.0146578612
11.088878,30.971419,-37.767564,0.692574,3.013035,-3.727058,0.076337,0.999564,-0.023344,0.006885,-0.016700,4.0341867207
11.198680,31.201463,-36.009364,0.172313,2.969605,-3.781093,0.056149,0.999638,-0.020587,0.007223,-0.015738,2.7643009605
11.298639,31.465535,-36.491191,0.175696,2.901412,-3.976280,0.037467,0.999752,-0.015441,0.005864,-0.014929,2.7667490311
11.398636,31.752946,-36.887960,0.179754,2.874217,-3.967840,0.040583,0.999762,-0.015351,0.005634,-0.014433,2.7848280896
11.508624,32.067066,-37.324730,0.184217,2.855943,-3.971054,0.040572,0.999768,-0.015168,0.005752,-0.014195,2.8074444586
11.608891,32.459770,-37.714446,0.182691,3.026195,-3.946117,0.036628,0.999737,-0.015651,0.010259,-0.013222,2.7857261082
11.718619,32.828349,-38.171131,0.187047,3.088323,-3.953645,0.041260,0.999738,-0.014633,0.011754,-0.013111,2.7904313909
11.818628,34.984718,-37.588893,0.347964,2.942943,-3.788963,0.047247,0.999723,-0.018152,0.007066,-0.013219,2.1823421903
11.918605,35.286815,-37.831476,0.352695,2.946995,-3.532710,0.042427,0.999589,-0.024327,0.007242,-0.013301,2.1864193328
12.028560,35.563958,-38.300714,0.372394,2.835904,-3.641312,0.057684,0.999688,-0.020891,0.005539,-0.012546,2.1923424378
12.128589,35.845605,-38.662293,0.378211,2.815650,-3.614746,0.058153,0.999692,-0.020937,0.005491,-0.012179,2.2103200796
12.228566,36.120796,-39.021525,0.383576,2.752557,-3.593160,0.053664,0.999693,-0.021010,0.005314,-0.012032,2.2306327006
12.338555,36.405736,-39.413286,0.392826,2.703557,-3.565913,0.057573,0.999700,-0.020983,0.004889,-0.011671,2.2301090520
12.438547,36.671815,-39.768161,0.398792,2.660988,-3.549023,0.059665,0.999700,-0.021222,0.004866,-0.011191,2.2522346825
12.538511,36.913090,-39.926548,0.398660,2.604303,-3.256149,0.052693,0.999531,-0.028001,0.004079,-0.011724,2.2470324080
12.648527,37.195037,-40.280650,0.404878,2.562805,-3.218664,0.056520,0.999535,-0.028004,0.004171,-0.011297,2.2727772763
12.748518,37.482893,-40.844662,0.412513,2.571319,-3.513335,0.063705,0.999731,-0.020268,0.005731,-0.009717,2.2653931079
12.858435,37.741021,-41.243644,0.422546,2.489155,-3.512166,0.060529,0.999739,-0.020087,0.005544,-0.009398,2.2646188860
12.958494,38.015316,-41.287182,0.442558,2.488770,-3.085571,0.066865,0.999483,-0.029615,0.006158,-0.010907,2.2638783243
13.058631,38.361559,-41.673950,0.426087,2.585959,-3.162355,0.053975,0.999524,-0.027533,0.009219,-0.010394,2.2513101614
13.168485,38.643796,-42.017915,0.431705,2.569206,-3.131110,0.051145,0.999525,-0.027474,0.009160,-0.010512,2.2729438919
13.268392,38.861267,-42.450095,0.430929,2.504878,-3.261221,0.047144,0.999635,-0.023663,0.008216,-0.010128,2.2750489262
13.368403,39.228569,-42.931239,0.440365,2.630148,-3.441036,0.045224,0.999696,-0.019121,0.012122,-0.009785,2.2778295439
13.478413,39.533113,-43.137512,0.447698,2.639767,-3.217973,0.044755,0.999575,-0.024810,0.012308,-0.009065,2.2831578702
13.578566,41.427254,-44.485950,0.690032,2.430683,-3.367813,0.055070,0.999729,-0.020915,0.006374,-0.008004,1.8961477788
13.688373,41.650864,-44.792061,0.692204,2.354339,-3.219475,0.057379,0.999688,-0.022906,0.004829,-0.008723,1.9029019044
13.788324,41.857758,-45.108292,0.692160,2.286835,-3.201984,0.049129,0.999687,-0.023128,0.004028,-0.008646,1.9074715774
13.888354,42.116803,-45.187616,0.698385,2.307969,-2.839250,0.041805,0.999429,-0.032116,0.005035,-0.009216,1.9120364582
13.998366,42.428868,-45.525103,0.717736,2.375967,-2.846859,0.052425,0.999439,-0.031364,0.007415,-0.009085,1.9191636462
14.098444,42.723486,-45.838237,0.720726,2.441966,-2.866508,0.049302,0.999452,-0.030359,0.009619,-0.009004,1.9240203838
14.198313,42.922770,-46.115289,0.728441,2.354886,-2.827686,0.052531,0.999455,-0.030614,0.007936,-0.009424,1.9287708658
14.308331,43.136833,-46.549394,0.723441,2.267475,-2.976688,0.047190,0.999599,-0.026143,0.006387,-0.008841,1.9353591093
14.408320,43.337580,-46.901745,0.726752,2.219486,-3.036711,0.049541,0.999657,-0.024156,0.005652,-0.008438,1.9397857191
14.508304,42.135881,-47.112515,0.802838,2.394473,-2.873686,0.042133,0.999499,-0.028295,0.011811,-0.007811,1.6800312934
14.618396,42.371559,-47.203317,0.810993,2.342249,-2.502041,0.034854,0.999239,-0.036657,0.010385,-0.008369,1.6868832767
14.718295,42.559710,-47.573871,0.812427,2.264923,-2.628158,0.025184,0.999425,-0.031733,0.008710,-0.008143,1.6921841960
14.828261,42.794409,-48.051775,0.824215,2.215332,-2.884032,0.035099,0.999637,-0.024525,0.008350,-0.007430,1.6991509171
14.928220,42.922709,-48.378876,0.827055,2.069872,-2.922753,0.046652,0.999693,-0.023110,0.004628,-0.007620,1.7041694616
15.028215,43.128721,-48.670493,0.832121,2.060231,-2.916342,0.050666,0.999697,-0.023060,0.004484,-0.007300,1.7238087641
15.138238,43.295750,-49.162194,0.839045,2.030140,-3.149697,0.040920,0.999831,-0.016666,0.002073,-0.007500,1.7274886066
15.238207,43.501087,-49.478042,0.842814,2.054006,-3.159463,0.037703,0.999829,-0.016779,0.001925,-0.007570,1.7491659833
15.338193,45.157985,-49.520878,0.996494,2.135858,-2.995055,0.051478,0.999759,-0.020517,0.002516,-0.007436,1.5469085725
15.448340,45.391657,-49.848511,1.001692,2.121445,-2.974491,0.047190,0.999757,-0.020548,0.002408,-0.007676,1.5709746000
15.548297,45.600182,-50.120752,1.007751,2.129539,-2.928697,0.043240,0.999735,-0.021516,0.002123,-0.007857,1.5675319093
15.648264,46.814417,-51.611515,0.902613,2.408073,-3.352307,0.060172,0.999860,-0.011467,0.007607,-0.009494,1.4011147431
15.758143,46.984940,-51.800149,0.904245,2.322415,-3.101909,0.054796,0.999800,-0.017853,0.003462,-0.008342,1.4080625431
15.858118,47.219070,-52.109770,0.909388,2.341905,-3.097001,0.051446,0.999802,-0.017754,0.003467,-0.008248,1.4275391666
15.968175,47.481469,-52.449633,0.914633,2.384203,-3.088052,0.047654,0.999798,-0.017961,0.003264,-0.008350,1.4517768651
16.068274,47.565235,-52.690713,0.908706,2.211271,-2.997811,0.045710,0.999759,-0.020178,-0.002714,-0.008215,1.4491831708
16.168131,47.735299,-52.981990,0.909865,2.170311,-2.971168,0.052228,0.999749,-0.020066,-0.005305,-0.008392,1.4488267805
16.278115,47.980347,-53.307565,0.915757,2.228051,-2.960226,0.053575,0.999740,-0.019892,-0.006050,-0.009362,1.4740046822
16.378071,48.085595,-53.405723,0.904304,2.126160,-2.693424,0.042782,0.999569,-0.026242,-0.010527,-0.007872,1.4513418129
16.478078,48.385326,-53.767432,0.911574,2.274545,-2.816563,0.040052,0.999637,-0.023876,-0.007410,-0.010093,1.4545147302
16.588142,48.645547,-54.079195,0.915709,2.364272,-2.832564,0.037572,0.999614,-0.024349,-0.006871,-0.011471,1.4778295496
16.688036,48.884320,-54.608185,0.918732,2.440861,-3.153532,0.045392,0.999667,-0.016892,-0.006592,-0.018369,1.4621570372
16.798053,49.162482,-54.958902,0.927028,2.528363,-3.187842,0.075402,0.999619,-0.016668,-0.006449,-0.021041,1.4849958576
16.898009,49.424326,-55.280821,0.935760,2.619588,-3.220614,0.087359,0.999575,-0.016062,-0.006035,-0.023568,1.5082006107
16.998035,49.684318,-55.809258,0.935208,2.668319,-3.516011,0.058013,0.999477,-0.009078,-0.005393,-0.030569,1.5049537345
17.108098,49.883019,-56.143914,0.931384,2.660351,-3.473030,0.014481,0.999361,-0.010672,-0.009061,-0.032901,1.4896266513
17.207969,50.160508,-56.491792,0.931886,2.778467,-3.483265,0.005026,0.999259,-0.010936,-0.009667,-0.035609,1.5105209757
17.307978,50.354801,-56.939483,0.931135,2.785042,-3.668282,0.031525,0.999014,-0.007940,-0.013247,-0.041624,1.5117984755
17.417954,50.673247,-57.348967,0.940058,2.895613,-3.723433,0.081138,0.998878,-0.007986,-0.013456,-0.044689,1.5370927416
17.517930,50.929584,-57.623202,0.925604,2.945004,-3.639045,0.085426,0.998841,-0.010641,-0.014488,-0.044649,1.5344870353
17.618145,51.232846,-58.207201,0.955525,3.049115,-3.948299,0.075574,0.998414,-0.003845,-0.013305,-0.054565,1.5340388614
17.727910,51.580477,-58.649021,0.961699,3.167028,-4.025116,0.056251,0.998208,-0.003744,-0.013230,-0.058243,1.5592469369
17.827912,51.805899,-59.348010,0.966900,3.141713,-4.477044,0.067859,0.997307,0.004973,-0.014910,-0.071640,1.5558833543
17.937919,52.138933,-59.876760,0.969010,3.226868,-4.602205,0.073269,0.996984,0.006219,-0.015721,-0.075748,1.5581868741
18.037878,52.469286,-60.345885,0.976944,3.304902,-4.693190,0.079371,0.996766,0.006323,-0.015537,-0.078594,1.5815764016
18.137910,52.696081,-60.780861,0.981479,3.247265,-4.728231,0.084858,0.996505,0.005402,-0.019080,-0.081147,1.5780709559
18.247863,53.051847,-61.439705,0.999896,3.293332,-4.991056,0.084487,0.995872,0.009097,-0.018670,-0.088366,1.5794018667
18.347892,53.244685,-61.978972,1.005741,3.174854,-5.133789,0.091539,0.995282,0.011053,-0.022856,-0.093648,1.5799679112
18.447896,53.390933,-61.139939,0.923772,3.271084,-5.163761,0.078350,0.995101,0.010555,-0.021721,-0.095868,1.4046729722
18.558122,53.412505,-61.437462,0.860999,3.473251,-5.182823,0.080846,0.995208,0.008215,-0.017439,-0.095862,1.2919479887
18.657896,53.534430,-62.000790,0.864267,3.168622,-5.330129,0.086019,0.994390,0.011274,-0.025326,-0.102079,1.2971572975
18.757805,53.853437,-62.543496,0.872850,3.192959,-5.431974,0.085902,0.994179,0.011207,-0.025185,-0.104158,1.3155827604
18.867831,54.324843,-63.136400,0.883130,3.401538,-5.504133,0.073113,0.994178,0.009895,-0.021108,-0.105201,1.3212455445
18.967807,54.640027,-63.741239,0.932312,3.420608,-5.672905,0.101924,0.993801,0.012058,-0.021856,-0.108337,1.3126414392
19.077973,55.022563,-64.377074,0.944376,3.472358,-5.771600,0.109513,0.993644,0.012266,-0.021624,-0.109791,1.3332769482
19.177750,55.427834,-65.088366,0.952841,3.602853,-6.039976,0.100161,0.993388,0.016631,-0.018258,-0.112114,1.3363544851
19.277768,55.627978,-65.784215,0.955289,3.423330,-6.238281,0.089035,0.992857,0.021338,-0.023370,-0.115035,1.3397804315
19.387735,56.136260,-66.347969,0.963246,3.664702,-6.111704,0.085737,0.993311,0.015892,-0.020615,-0.112494,1.3335885544
19.487697,56.507596,-66.966377,0.972136,3.714780,-6.186431,0.088942,0.993320,0.015796,-0.020784,-0.112398,1.3522114234
19.587778,56.726684,-67.492397,0.976681,3.535265,-6.104347,0.111678,0.993408,0.014292,-0.027641,-0.110330,1.3559017434
19.697690,57.013493,-68.210394,0.968579,3.494322,-6.244703,0.114913,0.993318,0.017180,-0.031294,-0.109747,1.3618216623
19.797690,57.348336,-69.090008,0.997169,3.512167,-6.646396,0.114688,0.992807,0.025914,-0.029100,-0.113206,1.3544653751
19.897680,57.809074,-69.701489,0.995523,3.705541,-6.631196,0.104773,0.993170,0.022707,-0.025999,-0.111452,1.3611109277
20.007645,58.221509,-70.439641,1.009012,3.750587,-6.712593,0.122667,0.993348,0.023035,-0.026070,-0.109767,1.3821233267
20.107732,58.595845,-71.120999,1.021366,3.740120,-6.807673,0.123430,0.993591,0.022942,-0.025701,-0.107653,1.4034129396
20.217735,59.028965,-72.053208,1.036560,3.762549,-7.104157,0.123103,0.993579,0.028795,-0.022236,-0.107130,1.4055103902
20.317676,59.501668,-72.877100,1.051837,3.862547,-7.302300,0.113993,0.993662,0.031209,-0.017059,-0.106636,1.4063733075
20.417663,59.883756,-73.611296,1.061769,3.821379,-7.342916,0.099326,0.993912,0.031135,-0.016589,-0.104381,1.4286491849
20.527651,60.427894,-74.271293,1.079986,3.935686,-7.180275,0.106336,0.994179,0.024751,-0.013566,-0.103975,1.4287719116
20.627658,60.779688,-74.896494,1.092626,3.845033,-7.078794,0.109816,0.994455,0.022115,-0.015326,-0.101665,1.4284472944
20.727610,61.158133,-75.605149,1.102623,3.786262,-7.089937,0.100019,0.994716,0.022167,-0.015144,-0.099091,1.4513939130
20.837596,61.568562,-76.388789,1.112194,3.731659,-7.124920,0.087024,0.995028,0.022171,-0.015062,-0.095920,1.4796047137
20.937578,62.215005,-76.934187,1.122257,3.992109,-6.908779,0.095943,0.994771,0.013221,-0.008195,-0.100939,1.4701267272
21.037551,62.690845,-77.417456,1.134098,4.057729,-6.660291,0.106878,0.994498,0.005784,-0.007669,-0.104318,1.4665771233
21.147544,63.096417,-78.369292,1.150250,3.991139,-6.941350,0.113907,0.995382,0.013047,-0.006886,-0.094852,1.4679866690
21.247513,63.493346,-78.782541,1.150104,3.961732,-6.577958,0.108647,0.995038,0.004053,-0.009206,-0.098982,1.4684335105
21.357514,64.042401,-79.336657,1.155311,4.082091,-6.349292,0.101309,0.994693,-0.003007,-0.007101,-0.102594,1.4728348516
21.457500,64.520127,-79.776994,1.165520,4.125153,-6.068471,0.100741,0.994260,-0.010097,-0.006493,-0.106315,1.4755325293
21.557711,65.005857,-80.458939,1.175000,4.188752,-6.134728,0.099733,0.994612,-0.008393,-0.003374,-0.103273,1.4787462799
21.667512,65.439023,-80.983185,1.185569,4.150345,-5.903684,0.093321,0.994518,-0.012826,-0.005427,-0.103633,1.4841865719
21.767461,65.849695,-81.566469,1.194492,4.108801,-5.835789,0.089277,0.994875,-0.012951,-0.005508,-0.100131,1.5056271630
21.867444,66.339573,-82.288316,1.200293,4.177621,-5.979414,0.082872,0.995386,-0.009258,-0.001562,-0.095495,1.5057412974
21.977421,66.947888,-82.954388,1.209802,4.346151,-5.971594,0.088669,0.995161,-0.010805,0.003495,-0.097601,1.5093243758
22.077499,67.254476,-83.371754,1.221002,4.161198,-5.707493,0.089601,0.994966,-0.015365,-0.002178,-0.099006,1.5114304907
22.187383,67.815697,-84.069052,1.223800,4.286994,-5.775788,0.077719,0.995188,-0.013962,0.002412,-0.096952,1.5162906179
22.287402,68.194507,-84.815062,1.202885,4.212081,-5.992062,0.047357,0.995893,-0.007564,0.002609,-0.090183,1.5193585512
22.387375,68.614056,-85.341802,1.227313,4.230118,-5.904984,0.050566,0.995796,-0.010095,0.001295,-0.091026,1.5228075687
22.497356,69.168175,-85.861212,1.235810,4.336864,-5.708772,0.039431,0.995461,-0.015898,0.002548,-0.093801,1.5286095862
22.597505,69.667215,-86.523913,1.227082,4.460956,-5.828562,0.041294,0.995755,-0.013228,0.005240,-0.090941,1.5325179970
22.697308,70.153523,-87.179332,1.230613,4.559449,-5.934456,0.049715,0.995897,-0.010978,0.007360,-0.089521,1.5366036215
22.807341,70.595136,-87.613803,1.244816,4.535256,-5.628487,0.043379,0.995600,-0.017834,0.002790,-0.091952,1.5427092248
22.907573,71.068168,-88.325924,1.259681,4.588078,-5.836396,0.040774,0.995850,-0.012449,0.004659,-0.090036,1.5474724320
23.007290,71.496207,-89.056153,1.272941,4.617586,-6.060759,0.057940,0.996060,-0.006975,0.004440,-0.088297,1.5522292448
23.117432,72.013996,-89.726971,1.280736,4.701107,-6.090486,0.070769,0.996115,-0.006965,0.004338,-0.087684,1.5742805687
23.217281,72.490454,-90.336912,1.287494,4.771806,-6.108663,0.067688,0.996161,-0.007154,0.004256,-0.087140,1.5965348928
23.327282,72.869954,-90.884937,1.290830,4.629548,-5.954174,0.058085,0.996259,-0.010212,-0.002435,-0.085775,1.5960008396
23.427248,73.338308,-91.479914,1.296688,4.685140,-5.951800,0.058599,0.996302,-0.010112,-0.002570,-0.085284,1.6196336329
23.527244,73.813918,-92.075528,1.303015,4.756287,-5.956377,0.063277,0.996352,-0.010524,-0.002847,-0.084639,1.6460118659
23.637279,74.391142,-92.469969,1.313354,4.876682,-5.594473,0.068160,0.996481,-0.019094,-0.003746,-0.081526,1.6365925575
23.737262,74.841949,-92.871014,1.308828,4.874734,-5.387781,0.056727,0.996530,-0.023359,-0.006468,-0.079623,1.6307532946
23.837246,75.317618,-93.661733,1.324483,4.905328,-5.701598,0.073628,0.996426,-0.015333,-0.004843,-0.082927,1.6287667706
23.947205,75.880475,-94.528574,1.330561,4.997770,-6.015660,0.069606,0.996352,-0.007942,-0.002253,-0.084936,1.6313187773
24.047368,76.343948,-95.263525,1.334405,4.978745,-6.194663,0.064221,0.996381,-0.003521,-0.002076,-0.084905,1.6328944708
24.157230,76.900374,-95.944385,1.341426,5.064740,-6.197368,0.063904,0.996497,-0.003034,-0.002067,-0.083553,1.6571820041
24.257177,77.433630,-96.484622,1.341599,5.151683,-6.111153,0.058968,0.996669,-0.005760,-0.002027,-0.081321,1.6555630940
24.357165,77.846891,-97.222093,1.341577,5.082043,-6.301700,0.058058,0.996607,-0.000832,-0.004711,-0.082165,1.6559843470
24.467157,78.370052,-97.997931,1.350692,5.092963,-6.428532,0.063183,0.996565,0.002043,-0.005673,-0.082591,1.6597711847
24.567292,78.841992,-98.780132,1.351360,5.101428,-6.643384,0.064744,0.996405,0.006770,-0.006173,-0.084221,1.6620977690
24.667186,79.431973,-99.363877,1.355509,5.261823,-6.564688,0.073291,0.996680,0.003470,-0.004671,-0.081211,1.6650997527
24.777125,80.025728,-100.106062,1.341096,5.326692,-6.631716,0.048567,0.996733,0.003722,-0.004014,-0.080578,1.6704163503
24.877095,80.563096,-100.773848,1.346164,5.375273,-6.679837,0.050696,0.996797,0.003744,-0.003920,-0.079790,1.6912632231
24.977083,81.106446,-101.442524,1.351225,5.434177,-6.687599,0.050616,0.996823,0.003591,-0.003528,-0.079494,1.7143454055
25.087294,81.533229,-102.258512,1.367161,5.256594,-6.822891,0.076315,0.996667,0.007733,-0.008748,-0.080741,1.7126495600
25.187049,82.678265,-103.837870,1.442681,5.062593,-6.721925,0.071164,0.996753,0.005029,-0.015838,-0.078784,1.5100506412
25.297063,83.543144,-104.633044,1.449784,5.515937,-6.825576,0.060397,0.996942,0.004422,-0.004574,-0.077890,1.5135911790
25.397086,83.911906,-105.310939,1.471297,5.280386,-6.852408,0.075772,0.996811,0.006069,-0.011497,-0.078735,1.5172787581
25.497064,84.441221,-105.997488,1.479737,5.294313,-6.867000,0.084417,0.996861,0.006380,-0.011460,-0.078072,1.5382353639
25.607186,85.120011,-106.935836,1.486494,5.446273,-7.154512,0.078934,0.996833,0.011386,-0.006490,-0.078437,1.5408378263
25.707016,85.767918,-107.553045,1.482701,5.625329,-7.053992,0.065771,0.997036,0.007420,-0.003880,-0.076479,1.5420457844
25.807010,86.541064,-108.217647,1.489603,5.927143,-7.014849,0.066016,0.997073,0.004238,0.003290,-0.076266,1.5442609898
25.916989,87.061764,-109.019335,1.495325,5.755146,-7.108718,0.070297,0.997041,0.006125,-0.000584,-0.076620,1.5492977931
26.016994,87.568170,-109.793162,1.499109,5.656550,-7.214557,0.058438,0.997034,0.008617,-0.002169,-0.076442,1.5523811836
26.126999,88.084297,-110.603655,1.516189,5.499529,-7.295331,0.061175,0.997008,0.009542,-0.005320,-0.076520,1.5578910758
26.226954,88.679075,-111.141484,1.525182,5.557119,-7.067750,0.062380,0.996958,0.001640,-0.005290,-0.077740,1.5614467171
26.326925,89.394662,-111.780347,1.532026,5.780267,-7.003796,0.063189,0.996997,-0.002128,-0.000335,-0.077416,1.5654843543
26.436925,90.076253,-112.612112,1.527302,5.857469,-7.116335,0.045148,0.997080,-0.000681,0.001363,-0.076350,1.5715541149
26.536904,90.674153,-113.267737,1.528538,5.880413,-7.065888,0.044766,0.997005,-0.002865,0.001142,-0.077276,1.5756455052
26.637058,91.257939,-114.049979,1.561254,5.868801,-7.194104,0.069456,0.997062,-0.000469,0.001208,-0.076588,1.5799817752
26.746934,91.896850,-114.780735,1.558459,5.849158,-7.144835,0.065780,0.996996,-0.002881,0.000426,-0.077405,1.5862488846
26.846879,92.462272,-115.550459,1.557693,5.801219,-7.266873,0.065926,0.997050,-0.001365,0.000027,-0.076737,1.5905312295
26.946878,93.185112,-116.122168,1.559707,6.000322,-7.067199,0.075122,0.996855,-0.008439,0.004163,-0.078689,1.5949169031
27.057019,93.615353,-116.945024,1.579537,5.658826,-7.146495,0.079518,0.996782,-0.005127,-0.003740,-0.079911,1.6016793683
27.156934,94.176626,-117.660564,1.586756,5.617529,-7.161518,0.072252,0.996886,-0.005270,-0.003570,-0.078594,1.6216285320
27.266819,94.694060,-118.384987,1.605739,5.493030,-7.100987,0.082086,0.996631,-0.007167,-0.007497,-0.081359,1.6258689741
27.366806,95.307641,-118.983637,1.600064,5.552935,-6.950003,0.075833,0.996452,-0.011759,-0.005701,-0.083138,1.6284637221
27.466775,95.907628,-119.737502,1.624684,5.588022,-7.038800,0.070110,0.996528,-0.010277,-0.003759,-0.082539,1.6314757564
27.577010,96.546443,-120.525055,1.629863,5.606322,-7.066883,0.072844,0.996511,-0.010066,-0.003104,-0.082790,1.6370168709
27.676852,97.103548,-121.233108,1.637726,5.579868,-7.091740,0.078759,0.996492,-0.009888,-0.003334,-0.083031,1.6579367439
27.776816,97.866390,-121.907260,1.643645,5.838174,-7.048787,0.091668,0.996516,-0.012689,0.003332,-0.082368,1.6581012099
27.886751,98.533675,-122.637298,1.634787,5.842564,-6.996086,0.091976,0.996376,-0.014369,0.004393,-0.083725,1.6617367895
27.986752,99.045687,-122.561291,1.585965,5.526230,-6.889481,0.082172,0.996137,-0.014570,-0.003102,-0.086538,1.4782741685
28.086798,99.521129,-123.192006,1.598346,5.402848,-6.800725,0.075974,0.995936,-0.016202,-0.006648,-0.088341,1.4814811901
28.196722,99.344514,-125.174954,1.624497,5.327647,-6.841858,0.073621,0.995950,-0.016316,-0.006896,-0.088143,1.3626837590
28.296777,99.970325,-125.932465,1.627407,5.462459,-6.943850,0.068601,0.996199,-0.014293,-0.002467,-0.085891,1.3645221869
28.406718,100.642942,-126.712017,1.650861,5.550120,-6.969442,0.093003,0.996254,-0.014456,0.000982,-0.085247,1.3691201083
28.506692,101.140263,-127.338681,1.680066,5.430164,-6.860866,0.088942,0.996105,-0.016868,-0.001096,-0.086535,1.3717946787
28.606871,101.678680,-128.025750,1.687658,5.374528,-6.858384,0.075783,0.996092,-0.017262,-0.000549,-0.086619,1.3923870567
28.716657,102.365283,-128.778855,1.698250,5.441144,-6.834014,0.076255,0.996022,-0.017983,0.003767,-0.087189,1.3942585193
28.816649,102.678491,-129.130425,1.444415,5.498991,-6.577717,0.048753,0.995508,-0.024902,0.007030,-0.091077,1.2795125164
28.916652,103.386577,-129.873543,1.444954,5.678146,-6.683974,0.038179,0.995811,-0.023415,0.013449,-0.087354,1.2816522861
29.026623,103.958932,-130.553114,1.453401,5.563541,-6.611453,0.036015,0.995639,-0.024786,0.011099,-0.089244,1.2864144152
29.126660,104.371306,-131.239080,1.452744,5.333440,-6.630258,0.047122,0.995762,-0.022143,0.006006,-0.089058,1.2895720967
29.226625,104.887241,-131.834842,1.429654,5.276269,-6.514003,0.031523,0.995505,-0.024409,0.004632,-0.091391,1.2930561050
29.336590,105.474161,-132.427067,1.439451,5.245108,-6.279572,0.036032,0.995126,-0.028299,0.003890,-0.094380,1.2987386759
29.436639,106.050745,-133.151147,1.442230,5.279654,-6.383665,0.035387,0.995455,-0.025311,0.006351,-0.091588,1.3025165820
29.546731,106.595313,-133.907257,1.450990,5.180816,-6.432904,0.051335,0.995783,-0.022825,0.005525,-0.088684,1.3085436004
29.646606,106.956565,-134.529474,1.461152,4.887038,-6.380304,0.056142,0.995834,-0.022071,0.000565,-0.088473,1.3126020870
29.746592,107.488666,-135.191905,1.470692,4.873452,-6.391097,0.065101,0.995917,-0.021721,0.003161,-0.087560,1.3168294413
29.856555,107.822331,-135.893964,1.489343,4.490641,-6.353607,0.061516,0.996068,-0.020234,-0.002759,-0.086210,1.3231039840
29.956573,108.457860,-136.486515,1.489693,4.634382,-6.262348,0.050207,0.995768,-0.023763,0.004389,-0.088673,1.3274320974
30.056733,108.911155,-137.109669,1.494059,4.525724,-6.221591,0.043593,0.995783,-0.023742,0.004750,-0.088488,1.3473456768
30.166537,109.401312,-137.789990,1.497332,4.463923,-6.195776,0.029810,0.995746,-0.024107,0.004815,-0.088796,1.3715518447
30.266502,109.844113,-138.406220,1.500070,4.429552,-6.164437,0.027384,0.995733,-0.024099,0.004510,-0.088969,1.3962783986
30.376477,110.167012,-138.976147,1.503547,4.172942,-5.989643,0.010090,0.995489,-0.025930,-0.001719,-0.091252,1.3896721262
30.476462,110.581830,-139.573808,1.503976,4.148796,-5.977515,0.004285,0.995516,-0.025975,-0.001837,-0.090943,1.4149803318
30.576714,111.231935,-140.252940,1.506538,4.393827,-6.062115,0.028598,0.995682,-0.025076,0.006218,-0.089167,1.4051031012
30.686437,111.865738,-140.772794,1.509344,4.557708,-5.853149,0.026845,0.995310,-0.030621,0.010231,-0.091185,1.4029055302
30.786421,112.686615,-141.384535,1.491515,4.997024,-5.834207,0.015622,0.995065,-0.032742,0.021464,-0.091173,1.3839498839
30.886391,113.183592,-141.964164,1.491784,4.971213,-5.797975,0.002693,0.995064,-0.032648,0.021553,-0.091202,1.4044374770
30.996397,113.842271,-142.703748,1.498316,5.071515,-5.879534,0.015869,0.995167,-0.030428,0.025771,-0.089739,1.4082638691
31.096427,114.249285,-143.609269,1.490420,4.900550,-6.245000,0.021710,0.995914,-0.020047,0.025399,-0.084309,1.4105414313
31.196374,114.745024,-144.013784,1.503109,4.840587,-5.944287,0.046283,0.995426,-0.026726,0.024762,-0.088313,1.4147898360
31.306384,115.243213,-144.536374,1.497254,4.704686,-5.749537,0.044844,0.995080,-0.030154,0.023491,-0.091401,1.4212648635
31.406363,115.656962,-145.126284,1.482886,4.546604,-5.741275,0.022746,0.995188,-0.028994,0.022255,-0.090906,1.4253105276
31.516383,116.143974,-145.752989,1.485504,4.426603,-5.696320,0.023798,0.995217,-0.028817,0.022044,-0.090704,1.4490763071
31.616559,116.395756,-146.132244,1.482383,4.076481,-5.390497,0.021729,0.994659,-0.032215,0.014930,-0.096919,1.4336319680
31.716328,116.793586,-146.665126,1.484588,3.987495,-5.341137,0.022107,0.994621,-0.032218,0.015060,-0.097285,1.4542705622
31.826302,117.261444,-147.165266,1.487471,3.983239,-5.183073,0.019628,0.994205,-0.034771,0.015393,-0.100550,1.4582096268
31.926283,117.663898,-147.920292,1.481742,3.974860,-5.441647,0.020403,0.995160,-0.027344,0.016975,-0.092849,1.4604269764
32.026272,118.096084,-148.232681,1.488383,3.997847,-5.097077,0.013753,0.994426,-0.034669,0.016126,-0.098257,1.4635515662
32.136301,118.531912,-148.788350,1.490184,3.961020,-5.050204,0.016366,0.994420,-0.034711,0.015872,-0.098344,1.4871792548
32.236355,118.656533,-149.260520,1.495223,3.579879,-4.973077,0.006241,0.994577,-0.033000,0.006701,-0.098398,1.4872372969
32.346295,119.106699,-149.602189,1.518634,3.622975,-4.649534,0.015641,0.994107,-0.039682,0.006983,-0.100637,1.4913413949
32.446349,119.535736,-150.039876,1.526026,3.687957,-4.572995,0.021672,0.994037,-0.041062,0.008927,-0.100618,1.4937123533
32.546302,119.940692,-150.523945,1.527353,3.713284,-4.544268,0.030751,0.994038,-0.040328,0.010485,-0.100759,1.4967040764
32.656269,120.347326,-151.021312,1.530644,3.697746,-4.522843,0.029926,0.994006,-0.040151,0.010711,-0.101119,1.5205030967
32.756224,120.744544,-151.587098,1.526418,3.739250,-4.637572,0.022357,0.994099,-0.036437,0.012714,-0.101380,1.5198894231
32.856212,121.096015,-152.374208,1.516155,3.690308,-5.041525,0.024657,0.994189,-0.025493,0.015132,-0.103482,1.5209261422
32.966179,121.580440,-152.756968,1.529441,3.774473,-4.797254,0.023581,0.994116,-0.032038,0.015794,-0.102260,1.5265131101
33.066264,121.959663,-153.177584,1.528122,3.754247,-4.692824,0.022983,0.994122,-0.033963,0.015304,-0.101650,1.5299994226
33.166204,122.459418,-153.807901,1.521160,3.915792,-4.882740,0.029381,0.994121,-0.029245,0.021192,-0.102071,1.5337049887
33.276145,123.564797,-154.472983,1.590295,3.907481,-4.772805,0.034440,0.994144,-0.030589,0.019547,-0.101782,1.3945222596
33.376131,124.710789,-155.681472,1.604422,3.945026,-4.766636,0.030886,0.994143,-0.030828,0.019683,-0.101698,1.2981809601
33.486375,125.038298,-156.211037,1.602967,3.793559,-4.735719,0.020245,0.994053,-0.029041,0.015907,-0.103745,1.3017421712
33.586320,125.368682,-156.874800,1.607238,3.722809,-5.000250,0.022964,0.993886,-0.021104,0.016659,-0.107083,1.3037581538
33.686103,125.770926,-157.109518,1.620477,3.764022,-4.590153,0.022682,0.994219,-0.031636,0.014580,-0.101565,1.3065944493
33.796123,126.187111,-157.611134,1.622803,3.782824,-4.559322,0.021148,0.994157,-0.031550,0.014594,-0.102193,1.3294105175
33.896091,126.393660,-157.837813,1.627132,3.532002,-4.198383,0.012369,0.994404,-0.037483,0.006199,-0.098574,1.3299027609
33.996080,126.888672,-158.147188,1.628963,3.720275,-3.990208,0.001938,0.994481,-0.042603,0.009721,-0.095384,1.3323910591
34.106160,127.301297,-158.576420,1.637723,3.715091,-3.929426,0.010734,0.994479,-0.042784,0.009838,-0.095316,1.3374773496
34.206111,127.591133,-159.094294,1.655978,3.593709,-4.052208,0.025804,0.994433,-0.037296,0.008842,-0.098152,1.3404984454
34.316056,128.129032,-159.538523,1.651306,3.779534,-4.002776,0.014741,0.994413,-0.038668,0.013434,-0.097295,1.3458507496
34.416048,128.630417,-160.018273,1.646698,3.951650,-4.063820,0.007978,0.994350,-0.037252,0.018330,-0.097698,1.3492227791
34.516048,128.851345,-160.475101,1.650109,3.727284,-4.101205,0.012902,0.994393,-0.033400,0.013033,-0.099487,1.3529483413
34.626119,129.181608,-161.079285,1.648315,3.610050,-4.265293,0.014204,0.994283,-0.026943,0.012318,-0.102586,1.3588135667
34.725952,129.469760,-161.603100,1.664891,3.535208,-4.377480,0.023322,0.994247,-0.022615,0.010979,-0.104120,1.3626436348
34.825988,130.528972,-161.219127,1.697922,3.451001,-4.293481,0.027336,0.994187,-0.022778,0.007913,-0.104929,1.2540343246
34.935950,130.900406,-161.563744,1.702108,3.436733,-4.088276,0.026814,0.994339,-0.027289,0.006062,-0.102512,1.2607813509
35.035954,131.282439,-161.938115,1.711127,3.476117,-4.000180,0.022377,0.994351,-0.028969,0.007210,-0.101856,1.2652846581
35.135981,131.600954,-162.409245,1.713028,3.438787,-4.082836,0.022802,0.994307,-0.025762,0.006754,-0.103173,1.2698835287
35.245946,132.036788,-162.755496,1.718178,3.521942,-3.914707,0.020200,0.994340,-0.029652,0.007260,-0.101769,1.2763316770
35.346005,132.378068,-163.424564,1.711620,3.529684,-4.317441,0.021659,0.993969,-0.018838,0.010067,-0.107562,1.2807602299
35.455908,132.719803,-163.885310,1.719467,3.508160,-4.304764,0.028504,0.994124,-0.019034,0.007760,-0.106275,1.2884059951
35.556025,133.069479,-164.314696,1.722897,3.492675,-4.288844,0.034262,0.994135,-0.018994,0.007565,-0.106197,1.3084542948
35.655905,133.419187,-164.740850,1.726235,3.501310,-4.266694,0.033420,0.994144,-0.018816,0.007686,-0.106138,1.3307881586
35.765871,134.045015,-165.180004,1.717674,3.842571,-4.209635,0.019167,0.994183,-0.022617,0.015244,-0.104191,1.3307343024
35.865845,134.415709,-165.426155,1.721873,3.859029,-3.964732,0.015283,0.994445,-0.028539,0.012562,-0.100531,1.3304122683
35.965834,135.005407,-165.862734,1.731849,4.182243,-4.002499,0.024988,0.994365,-0.029136,0.019351,-0.100070,1.3316380356
36.076098,135.592890,-166.349801,1.736396,4.417921,-4.042645,0.017033,0.994253,-0.028562,0.023458,-0.100470,1.3358672689
36.175891,135.714960,-166.747515,1.740088,4.057359,-4.027414,0.021838,0.994349,-0.025222,0.012799,-0.102322,1.3383504184
36.275807,135.897645,-167.091513,1.738376,3.806283,-3.943754,0.024251,0.994533,-0.024548,0.004616,-0.101396,1.3429744364
36.385798,136.351813,-167.545306,1.739930,3.914165,-3.953463,0.027779,0.994554,-0.023965,0.005548,-0.101275,1.3500472227
36.485781,136.701392,-168.032545,1.743428,3.908397,-4.073972,0.025785,0.994192,-0.020310,0.005154,-0.105565,1.3545428398
36.595922,136.910955,-168.602904,1.745133,3.679524,-4.249335,0.032017,0.993686,-0.014212,-0.000832,-0.111288,1.3611006295
36.695758,137.379292,-168.968617,1.747411,3.869136,-4.172970,0.030571,0.994003,-0.016821,0.001242,-0.108046,1.3660035702
36.795802,137.747488,-169.531234,1.736227,3.912951,-4.385987,0.020555,0.993316,-0.011659,0.002051,-0.114821,1.3707874647
36.905744,138.231443,-170.091846,1.734749,4.059763,-4.520307,0.012586,0.992928,-0.009815,0.004244,-0.118239,1.3774174844
37.005713,138.645375,-170.545202,1.736322,4.140613,-4.534985,0.015733,0.992924,-0.009887,0.003989,-0.118271,1.3987070717
37.105757,139.193555,-171.153784,1.744066,4.411918,-4.781430,0.021214,0.992194,-0.006460,0.009919,-0.124142,1.3996764285
37.215727,139.559243,-171.663660,1.747399,4.336813,-4.817625,0.017095,0.992303,-0.006032,0.005542,-0.123564,1.4035709464
37.315707,140.002600,-172.149862,1.749680,4.434469,-4.863010,0.022809,0.992307,-0.006069,0.005250,-0.123544,1.4261335702
37.415703,140.380889,-172.663204,1.749079,4.400281,-4.926237,0.025076,0.991951,-0.004726,0.003149,-0.126498,1.4240990835
37.525660,140.870447,-173.197505,1.746136,4.506374,-4.972668,0.019997,0.991902,-0.005523,0.002693,-0.126856,1.4265946336
37.625729,141.361823,-174.031880,1.750707,4.639497,-5.479359,0.021498,0.989800,0.004298,0.008131,-0.142169,1.4278302715
37.735673,141.874734,-174.583198,1.749945,4.745461,-5.471568,0.014323,0.990159,0.002405,0.007543,-0.139725,1.4336921520
37.835633,142.356091,-175.135590,1.751224,4.815500,-5.526132,0.012803,0.990171,0.002039,0.007712,-0.139634,1.4556781883
37.935604,142.753543,-175.698884,1.762371,4.802151,-5.602455,0.015809,0.989903,0.003264,0.004907,-0.141620,1.4555172507
38.045830,143.295146,-176.325785,1.762536,4.913560,-5.687413,0.001495,0.989846,0.002942,0.004754,-0.142035,1.4815948952
38.145703,143.740575,-176.937609,1.758071,4.938760,-5.825418,0.001817,0.989517,0.004732,0.003369,-0.144297,1.4776987679
38.245733,144.244377,-177.452289,1.759721,5.030093,-5.801386,0.000442,0.989967,0.002871,0.002058,-0.141252,1.4765759342
38.355617,144.689672,-177.865584,1.757010,4.977996,-5.582509,0.024770,0.991013,-0.002266,-0.004668,-0.133668,1.4794651634
38.455602,145.280704,-178.509690,1.757860,5.161848,-5.742313,0.024138,0.990672,-0.000784,-0.001345,-0.136259,1.4813999469
38.555783,145.837868,-178.953799,1.753585,5.276136,-5.617772,0.020108,0.991454,-0.005269,-0.002297,-0.130331,1.4840081163
38.665566,146.287936,-179.768763,1.758510,5.181929,-5.932884,0.033478,0.990150,0.002035,-0.003759,-0.139943,1.4892184084
38.765534,146.932689,-180.295380,1.751268,5.393263,-5.885208,0.029952,0.990716,-0.001480,-0.000595,-0.135940,1.4928472204
38.875505,147.482877,-180.975225,1.733705,5.368590,-5.978289,0.017121,0.990520,-0.000120,-0.001155,-0.137366,1.4986192211
38.975518,148.015197,-181.620651,1.748243,5.366589,-6.078024,0.017438,0.990384,0.001435,-0.000234,-0.138338,1.5023056870
39.075722,148.346624,-181.595343,1.804878,5.365188,-5.913716,0.018127,0.990692,-0.002707,-0.002007,-0.136078,1.3624557899
39.185487,148.792789,-182.331565,1.807737,5.160862,-6.068349,0.016828,0.990456,0.002344,-0.005207,-0.137714,1.3685651228
39.285449,149.356818,-182.734968,1.807557,5.209534,-5.785921,0.014984,0.990623,-0.005742,-0.006256,-0.136359,1.3727680375
39.385470,149.882691,-183.318737,1.807156,5.197754,-5.799711,0.011769,0.990620,-0.005763,-0.005841,-0.136398,1.3776598382
39.495429,150.452818,-183.958319,1.806704,5.184890,-5.816540,-0.004114,0.990597,-0.005920,-0.006008,-0.136553,1.3991554265
39.595646,151.044739,-184.553046,1.804738,5.302061,-5.860226,-0.014062,0.990477,-0.006478,-0.003823,-0.137476,1.4007947898
39.695443,151.563650,-185.110587,1.777642,5.363344,-5.830843,-0.022665,0.990423,-0.007057,-0.005255,-0.137784,1.4032269381
39.805402,152.173686,-186.038872,1.793326,5.424564,-6.267100,-0.014183,0.990875,0.002223,-0.001044,-0.134760,1.4082837499
39.905392,152.685212,-186.606677,1.794442,5.421712,-6.220620,-0.003244,0.990841,0.000779,-0.003395,-0.134988,1.4127151160
40.015386,153.286298,-187.296833,1.792284,5.464701,-6.274470,-0.019617,0.990859,0.000736,-0.003029,-0.134866,1.4353755467
40.115387,153.698423,-188.055420,1.801091,5.319595,-6.505388,-0.011124,0.991005,0.007252,-0.005778,-0.133502,1.4361580401
40.215333,154.369162,-188.778068,1.825227,5.573073,-6.631948,-0.006217,0.991044,0.007816,-0.000541,-0.133308,1.4379690448
40.325398,154.993115,-189.518275,1.823415,5.668925,-6.725156,-0.016463,0.991121,0.007925,-0.001165,-0.132724,1.4619644731
40.425378,155.615720,-190.087579,1.830730,5.819723,-6.643820,0.001880,0.991185,0.004170,-0.001559,-0.132409,1.4604472938
40.525347,156.248823,-190.888893,1.835523,5.961528,-6.874696,0.002336,0.991110,0.007586,0.001464,-0.132822,1.4608362812
40.635541,157.069988,-191.421047,1.847324,6.260404,-6.605359,0.031307,0.991290,-0.001258,0.003340,-0.131647,1.4647173219
40.735312,157.656886,-192.068139,1.832929,6.293577,-6.612452,0.008969,0.991404,-0.001310,0.001701,-0.130822,1.4675558093
40.845279,158.324547,-192.840298,1.836511,6.353413,-6.708249,0.009602,0.991380,0.000372,0.001210,-0.131012,1.4729704397
40.945284,158.703821,-193.595511,1.835559,6.069094,-6.873135,0.026339,0.991308,0.006548,-0.005711,-0.131275,1.4634146066
41.045502,159.316979,-194.287373,1.838782,6.118237,-6.903565,0.032155,0.991368,0.006943,-0.005008,-0.130830,1.4825791190
41.155419,160.037920,-194.942656,1.840875,6.209144,-6.790815,0.022781,0.991675,0.002703,-0.004505,-0.128660,1.4765380666
41.255324,160.660769,-195.623051,1.842088,6.234430,-6.810448,0.012148,0.991752,0.002935,-0.004279,-0.128070,1.4957898562
41.355256,161.382547,-196.448994,1.853253,6.392310,-7.034463,0.010673,0.991628,0.006071,0.001087,-0.128983,1.4994534736
41.465244,162.148916,-197.278593,1.859643,6.480832,-7.141244,0.020095,0.991606,0.007190,0.004130,-0.129029,1.5053860025
41.565299,162.896991,-197.931120,1.855683,6.632844,-7.081851,0.012616,0.991541,0.003432,0.006614,-0.129582,1.4965415188
41.665271,163.562601,-198.642884,1.857160,6.657967,-7.119640,0.014771,0.991622,0.003325,0.006371,-0.128976,1.5155116826
41.775166,164.297676,-199.428879,1.858489,6.688879,-7.152224,0.012095,0.991672,0.003258,0.006061,-0.128608,1.5387749542
41.875180,164.904076,-200.089455,1.865573,6.633091,-7.098471,0.035858,0.991734,0.002244,0.003272,-0.128253,1.5223201887
41.985221,165.636686,-200.875205,1.867476,6.657594,-7.140504,0.017297,0.991803,0.002134,0.003913,-0.127701,1.5445653464
42.085312,166.341529,-201.701634,1.891403,6.740131,-7.307547,0.024006,0.991987,0.005446,0.006852,-0.126034,1.5454912595
42.185168,166.969053,-202.179050,1.876843,6.689453,-6.980512,0.011084,0.991541,-0.002437,0.002006,-0.129755,1.5474602689
42.295191,167.627319,-202.931893,1.864720,6.603311,-6.986458,-0.005457,0.991657,-0.001883,-0.000941,-0.128886,1.5529184699
42.395167,168.318359,-203.757727,1.857188,6.661982,-7.184345,-0.016621,0.992085,0.002556,0.001320,-0.125533,1.5564278493
42.495091,168.840440,-204.245931,1.841117,6.479106,-6.901283,-0.014759,0.991637,-0.003212,-0.006963,-0.128828,1.5602243481
42.605281,169.554902,-205.010301,1.839812,6.483892,-6.936827,-0.011850,0.991618,-0.003510,-0.006963,-0.128967,1.5830515677
42.705065,170.345923,-205.764655,1.849013,6.696058,-7.041181,0.004856,0.991618,-0.003574,-0.001299,-0.129147,1.5846850751
42.805084,170.966059,-206.564237,1.840443,6.654402,-7.221138,-0.024302,0.991858,0.000056,-0.002349,-0.127325,1.5868811172
42.915072,171.585156,-207.504009,1.853938,6.531129,-7.459597,-0.003186,0.992069,0.006577,-0.005595,-0.125395,1.5919431442
43.015047,172.443540,-208.336507,1.861094,6.830511,-7.624420,0.018191,0.992163,0.006849,0.001607,-0.124753,1.5951502911
43.125058,173.172559,-209.130692,1.876892,6.867783,-7.644782,0.050708,0.991987,0.005574,0.001391,-0.126212,1.6009774282
43.225074,173.845670,-209.771668,1.869137,6.891816,-7.537832,0.030466,0.991758,0.001286,0.000760,-0.128119,1.6045180694
43.325014,174.508218,-210.563854,1.822222,6.872076,-7.632773,-0.062058,0.991743,0.003553,0.000625,-0.128194,1.6080567230
43.435003,175.377367,-211.612108,1.839048,7.069189,-7.969486,-0.067553,0.991875,0.009421,0.006268,-0.126708,1.6140991996
43.534983,176.011121,-212.528193,1.862477,7.008489,-8.197561,-0.042692,0.991719,0.014242,0.004590,-0.127550,1.6187022761
43.635236,176.749984,-213.642196,1.886453,7.170886,-8.683320,-0.031976,0.991627,0.023658,0.008479,-0.126664,1.6233671822
43.744952,177.549296,-214.608663,1.883313,7.285254,-8.808777,-0.028616,0.991555,0.023861,0.007731,-0.127240,1.6458463623
43.845097,178.276782,-215.188623,1.904367,7.365025,-8.463921,0.007766,0.992181,0.014017,0.002685,-0.123988,1.6484912769
43.945091,178.993119,-215.944162,1.881422,7.434831,-8.412392,-0.004073,0.992373,0.010941,0.000148,-0.122785,1.6529214245
44.055129,179.851100,-216.785291,1.885170,7.582998,-8.384190,-0.002965,0.992604,0.007593,-0.000176,-0.121161,1.6593132447
44.155006,180.599978,-217.549538,1.889405,7.662643,-8.340788,0.011467,0.992778,0.004987,-0.001293,-0.119851,1.6632877114
44.264870,181.366283,-218.401431,1.882436,7.634058,-8.328912,0.005776,0.992846,0.003648,-0.004302,-0.119267,1.6692170154
44.364890,182.178050,-219.206121,1.875514,7.776945,-8.334567,-0.019342,0.993092,0.002495,-0.003090,-0.117267,1.6728616617
44.464905,182.975582,-220.093498,1.861712,7.882157,-8.429053,-0.043697,0.992936,0.004041,-0.002127,-0.118564,1.6766875275
44.575094,183.812667,-221.017089,1.861950,7.935025,-8.464190,-0.034277,0.993022,0.004213,-0.003928,-0.117789,1.6828617304
44.674897,184.587301,-221.806751,1.870715,8.003577,-8.432012,-0.005658,0.993307,0.002555,-0.005718,-0.115332,1.6868947480
44.774835,185.384115,-222.751334,1.871865,8.068858,-8.620707,-0.008155,0.993000,0.005501,-0.004469,-0.117899,1.6908972855
44.884820,186.274633,-223.748185,1.863969,8.160485,-8.743691,-0.024643,0.992808,0.006606,-0.004205,-0.119465,1.6969769229
44.984806,187.114260,-224.798327,1.869448,8.258802,-9.038721,-0.035195,0.991937,0.011431,-0.001494,-0.126204,1.7009342863
45.084993,187.926301,-225.735922,1.881555,8.314046,-9.143762,-0.015991,0.991690,0.012306,-0.002221,-0.128041,1.7052389607
45.194818,188.796675,-226.688478,1.868230,8.341203,-9.143794,-0.022575,0.991902,0.011042,-0.005104,-0.126420,1.7114237030
45.294775,189.643981,-227.610248,1.865921,8.476681,-9.221644,-0.023095,0.991916,0.011059,-0.004813,-0.126322,1.7317974048
45.404795,190.536818,-228.327450,1.854752,8.498008,-8.842379,-0.013044,0.993348,0.002410,-0.009896,-0.114702,1.7348190222
45.504827,191.394940,-229.214933,1.852252,8.578454,-8.871960,-0.024985,0.993469,0.002561,-0.009796,-0.113655,1.7566649325
45.604839,192.235418,-230.277604,1.866200,8.630009,-9.167508,-0.020160,0.992706,0.008152,-0.009032,-0.119942,1.7559962598
45.714791,192.954039,-231.293086,1.861708,8.382965,-9.221113,0.013973,0.992534,0.011259,-0.017198,-0.120220,1.7590928560
45.814759,193.616218,-232.314428,1.858961,8.199205,-9.421076,0.037669,0.992028,0.016581,-0.022297,-0.122919,1.7610608738
45.914750,194.667690,-233.267479,1.854705,8.568089,-9.482784,0.037943,0.992264,0.014037,-0.015129,-0.122415,1.7637440645
46.024691,195.992762,-234.286842,1.849689,9.160400,-9.485402,0.010324,0.992521,0.008906,-0.003486,-0.121695,1.7557300597
46.124707,197.036386,-235.413727,1.846185,9.434241,-9.792769,-0.001030,0.991854,0.012628,0.003067,-0.126715,1.7624789819
46.224685,198.174393,-236.409547,1.837189,9.803985,-9.867837,-0.041850,0.991771,0.010561,0.009790,-0.127214,1.7689472014
46.334669,199.266841,-237.499851,1.827501,9.932756,-9.913253,-0.088084,0.991865,0.010793,0.009989,-0.126445,1.7906649772
46.434668,199.979998,-238.169149,1.831335,9.639694,-9.489333,-0.044155,0.993356,0.004950,-0.003946,-0.114904,1.7814485733
46.534696,200.953531,-239.121052,1.828001,9.732628,-9.516384,-0.033330,0.993455,0.004976,-0.003849,-0.114054,1.8014973241
46.644702,201.948041,-240.300378,1.831440,9.724608,-9.770594,-0.026909,0.993259,0.010137,-0.005559,-0.115339,1.7954896707
46.744786,202.930633,-241.280489,1.827409,9.817617,-9.792838,-0.040271,0.993345,0.009952,-0.005834,-0.114597,1.8157485939
46.854647,204.009304,-242.634158,1.842432,9.897826,-10.227771,-0.041713,0.992641,0.017635,-0.003171,-0.119762,1.8214202215
46.954613,205.011133,-243.662602,1.840804,10.021737,-10.287979,-0.016288,0.992734,0.017587,-0.002971,-0.119000,1.8440834976
47.054627,206.003934,-244.671670,1.846074,10.066537,-10.298296,-0.008925,0.992951,0.017171,-0.003266,-0.117233,1.8443087583
47.164620,205.946855,-244.944762,1.552449,10.014522,-9.872520,-0.024543,0.993875,0.008013,-0.008319,-0.109901,1.6356860772
47.264544,207.155531,-246.157041,1.557287,10.367582,-10.215295,-0.062441,0.993365,0.012682,0.002198,-0.114282,1.6392591655
47.364550,207.576826,-245.952025,1.740799,10.412104,-9.988529,-0.086806,0.993537,0.007127,0.001089,-0.113279,1.5026226202
47.474599,208.732130,-247.088114,1.749491,10.496342,-10.082857,-0.063231,0.993586,0.008386,0.000184,-0.112764,1.5101385175
47.574644,209.823445,-248.145422,1.761316,10.620963,-10.201266,-0.018038,0.993546,0.009284,0.001510,-0.113038,1.5151586131
47.684486,210.948958,-249.311641,1.763495,10.613819,-10.335247,0.006840,0.993509,0.010834,0.000575,-0.113234,1.5217613485
47.784498,211.987248,-250.425977,1.746495,10.624483,-10.496842,0.000225,0.993567,0.013740,0.001092,-0.112407,1.5259100114
47.884507,213.053256,-251.620316,1.736614,10.665275,-10.757776,-0.023397,0.993793,0.018053,0.003025,-0.109733,1.5299319622
47.994479,214.081271,-252.764587,1.698400,10.504904,-10.755859,-0.059699,0.993808,0.018046,-0.001661,-0.109626,1.5359395513
48.094914,215.144536,-253.880383,1.691708,10.549899,-10.860095,-0.072371,0.993881,0.018758,-0.000645,-0.108851,1.5398981650
48.194494,216.196708,-254.749407,1.697558,10.574849,-10.618028,-0.061941,0.993432,0.011001,-0.003045,-0.113854,1.5314824137
48.304435,217.358270,-255.922155,1.691728,10.565367,-10.667111,-0.053031,0.993449,0.011172,-0.003242,-0.113685,1.5525509229
48.404434,218.507194,-257.024408,1.718884,10.658636,-10.743345,-0.012987,0.993426,0.011098,0.000570,-0.113932,1.5562709741
48.504415,219.623176,-258.001651,1.711976,10.674258,-10.616356,-0.016336,0.992917,0.006964,0.002120,-0.118586,1.5602119776
48.614549,220.774612,-259.404763,1.687770,10.610704,-10.987495,-0.052753,0.994285,0.015871,0.004495,-0.105473,1.5535617657
48.714384,221.849032,-260.273036,1.672008,10.591726,-10.679349,-0.056426,0.992652,0.006543,0.002632,-0.120797,1.5594801692
48.814406,222.784971,-261.277710,1.652082,10.391121,-10.598916,-0.076211,0.992276,0.005729,-0.002061,-0.123899,1.5657514435
48.924373,223.954406,-262.357646,1.630418,10.396579,-10.480942,-0.093342,0.991434,0.001772,-0.002240,-0.130579,1.5734694480
49.024344,224.988456,-263.406384,1.619980,10.343460,-10.490374,-0.104403,0.991525,0.002073,-0.002466,-0.129878,1.5934791061
49.134369,226.307018,-264.297442,1.621130,10.536478,-10.100730,-0.099688,0.987984,-0.010920,0.000007,-0.154173,1.5840433170
49.234345,227.292305,-265.132318,1.630677,10.415041,-9.813731,-0.074121,0.985731,-0.016644,-0.004679,-0.167438,1.5899457498
49.334293,228.382272,-266.356758,1.639199,10.441979,-10.151792,-0.063979,0.989021,-0.007872,0.000583,-0.147567,1.5957244609
49.444336,229.542147,-267.588543,1.644311,10.391090,-10.313621,-0.049142,0.990395,-0.004021,0.002814,-0.138183,1.6043012645
49.544438,230.568605,-268.649921,1.642315,10.351442,-10.360872,-0.049216,0.990794,-0.002867,0.002802,-0.135319,1.6097522850
49.644359,231.668004,-269.618566,1.641883,10.418405,-10.239221,-0.046586,0.989894,-0.006570,0.004116,-0.141595,1.6149197440
49.754280,232.809958,-270.742692,1.638005,10.388855,-10.226666,-0.035281,0.989921,-0.006492,0.004079,-0.141415,1.6376205567
49.854252,233.875759,-271.957878,1.634020,10.409131,-10.518706,-0.040531,0.991756,-0.000291,0.007692,-0.127910,1.6390321985
49.954242,234.925642,-273.328117,1.630241,10.390196,-11.010632,-0.042488,0.994180,0.010448,0.012776,-0.106457,1.6413962179
50.064323,236.070875,-274.328667,1.626659,10.346914,-10.736955,-0.044395,0.992719,0.003405,0.010590,-0.119937,1.6480099123
50.164238,237.102644,-275.401814,1.621550,10.326456,-10.740579,-0.051135,0.992621,0.003588,0.010884,-0.120716,1.6698537819
50.264165,238.131852,-276.475544,1.616822,10.299646,-10.745196,-0.047319,0.992656,0.004044,0.010971,-0.120407,1.6943271088
50.374258,239.157117,-277.647416,1.614814,10.143365,-10.742657,-0.047218,0.992801,0.004985,0.007114,-0.119457,1.6917812167
50.474231,240.042756,-278.793808,1.616833,9.947273,-10.877729,-0.035136,0.993408,0.008547,0.003896,-0.114242,1.6896371216
50.584411,241.027234,-279.818354,1.605141,9.775186,-10.679512,-0.039021,0.992624,0.004366,-0.000967,-0.121151,1.6917321920
50.684208,242.221895,-280.641913,1.582446,10.019594,-10.352749,-0.036980,0.991161,-0.005647,0.003883,-0.132485,1.6926257846
50.784205,243.249347,-281.545488,1.557705,10.015168,-10.182257,-0.081865,0.990376,-0.009859,0.003244,-0.138014,1.6957221439
50.894237,244.355720,-282.411754,1.550143,9.968237,-9.850559,-0.069950,0.988847,-0.017228,0.000307,-0.147938,1.7014793909
50.994122,245.458499,-283.556538,1.543421,10.087411,-10.038749,-0.063862,0.989747,-0.014091,0.004817,-0.142054,1.7053879808
51.094323,246.418467,-284.436907,1.542483,9.992114,-9.854683,-0.043199,0.989031,-0.017209,0.001326,-0.146694,1.7095564607
51.204100,247.680821,-285.577425,1.542264,10.144949,-9.901652,-0.023730,0.989254,-0.017845,0.007123,-0.144940,1.7157833723
51.304118,248.685658,-286.562760,1.541026,10.046565,-9.851583,-0.012368,0.989321,-0.017910,0.007202,-0.144467,1.7376616564
51.404066,249.741122,-287.510520,1.536060,10.032811,-9.736495,-0.003529,0.989078,-0.019739,0.009030,-0.145785,1.7381769698
51.514079,250.841326,-288.567642,1.533795,9.896010,-9.648282,-0.007303,0.989073,-0.019850,0.010132,-0.145735,1.7421943646
51.614273,251.713971,-289.257029,1.520946,9.636736,-9.222728,-0.030928,0.986721,-0.026548,0.004594,-0.160175,1.7443313886
51.724086,252.982335,-290.354678,1.502405,9.849869,-9.264475,-0.060755,0.987030,-0.026792,0.012880,-0.157762,1.7497785950
51.824074,253.936975,-291.464601,1.497710,9.786066,-9.479098,-0.072674,0.988835,-0.020549,0.014502,-0.146879,1.7534691850
51.924035,254.908259,-292.429604,1.479873,9.733748,-9.497666,-0.094903,0.989054,-0.020130,0.014075,-0.145495,1.7573759973
52.034058,255.953440,-293.163404,1.488941,9.685415,-9.032380,-0.091099,0.986863,-0.028082,0.008949,-0.158846,1.7634098062
52.134036,257.164519,-294.187258,1.483783,9.979397,-9.147156,-0.061165,0.987253,-0.027473,0.018327,-0.155692,1.7688636223
52.234003,258.077900,-295.041226,1.481225,9.846263,-9.027293,-0.061879,0.987194,-0.026162,0.015089,-0.156637,1.7749006871
52.344020,259.076118,-296.092764,1.480906,9.711216,-9.045292,-0.067828,0.987932,-0.021557,0.013114,-0.152819,1.7824319252
52.443964,260.046405,-297.049958,1.487204,9.736398,-9.074971,-0.038283,0.988118,-0.018897,0.014147,-0.151875,1.7874205869
52.544050,261.040335,-298.037007,1.491351,9.729796,-9.136483,-0.025005,0.988551,-0.016667,0.017110,-0.148985,1.7922813145
52.654075,261.925624,-299.153349,1.460237,9.429483,-9.242041,-0.073788,0.989394,-0.011458,0.013786,-0.144147,1.7987886616
52.754022,264.638037,-300.223919,1.800768,9.754846,-9.034329,-0.067395,0.988074,-0.019436,0.021365,-0.151245,1.5958829033
52.863968,265.674720,-301.262185,1.783495,9.651403,-9.057810,-0.077306,0.988377,-0.017485,0.021842,-0.149425,1.6036294914
52.963914,266.572717,-302.254548,1.763342,9.485953,-9.145554,-0.098376,0.989022,-0.013335,0.021210,-0.145628,1.6088530578
53.063962,267.554627,-303.001544,1.764541,9.445312,-8.847601,-0.097962,0.988128,-0.018564,0.019702,-0.151230,1.6139818232
53.173869,268.538216,-303.974481,1.767315,9.315206,-8.794596,-0.060189,0.988445,-0.017450,0.017967,-0.149497,1.6208451187
53.273883,269.401793,-304.775593,1.756031,9.135699,-8.627279,-0.059403,0.988284,-0.018818,0.015303,-0.150684,1.6253764730
53.373863,270.305260,-305.630427,1.749476,9.036487,-8.550063,-0.065559,0.988307,-0.018741,0.015610,-0.150512,1.6458578556
53.483853,271.346628,-306.564741,1.731492,9.033887,-8.502607,-0.094416,0.988098,-0.019536,0.017530,-0.151567,1.6487863032
53.584048,272.385232,-307.443943,1.713840,9.232292,-8.498492,-0.102709,0.987863,-0.020665,0.022202,-0.152340,1.6502617146
53.683811,273.277747,-308.370930,1.703808,9.207138,-8.578373,-0.103882,0.988340,-0.017807,0.021947,-0.149619,1.6526263324
53.793817,274.091251,-309.286749,1.702528,8.938776,-8.511661,-0.096339,0.988837,-0.015407,0.014718,-0.147469,1.6577390063
53.893795,274.974839,-310.096920,1.706577,8.904226,-8.419881,-0.080744,0.988813,-0.016514,0.013748,-0.147607,1.6611512934
54.003782,275.873226,-311.292625,1.694115,8.782828,-8.757938,-0.078783,0.989343,-0.006870,0.015571,-0.144609,1.6667684765
54.103946,276.202373,-311.313884,1.601391,8.706183,-9.020899,-0.075338,0.989363,0.000727,0.019535,-0.144151,1.4979830786
54.203814,277.063788,-312.212773,1.593658,8.625507,-9.000742,-0.077431,0.989389,0.000551,0.019679,-0.143948,1.5174120505
54.313792,277.959225,-312.932954,1.588496,8.441618,-8.559103,-0.073439,0.989326,-0.007644,0.014298,-0.144816,1.5220455880
54.413749,278.864958,-313.553060,1.576595,8.436309,-8.173094,-0.077415,0.988559,-0.016429,0.013275,-0.149350,1.5255703347
54.513729,279.777909,-314.362203,1.567107,8.420050,-8.097902,-0.072617,0.988399,-0.017845,0.016348,-0.149938,1.5298822427
54.623784,280.617042,-315.331073,1.553798,8.177538,-8.159392,-0.083172,0.988796,-0.014899,0.015244,-0.147746,1.5360990921
54.723724,281.377945,-315.935253,1.549689,7.991350,-7.809560,-0.094920,0.987771,-0.020299,0.010784,-0.154205,1.5400107061
54.833698,282.064916,-316.686071,1.573613,7.636076,-7.606735,-0.087278,0.987608,-0.020771,0.003474,-0.155520,1.5334825794
54.933683,282.821805,-317.442972,1.565152,7.569977,-7.570097,-0.084620,0.987586,-0.020617,0.002942,-0.155690,1.5525885628
55.033702,283.775145,-318.060204,1.545993,7.802962,-7.329045,-0.082749,0.986516,-0.027567,0.007032,-0.161174,1.5568875282
55.143701,284.628915,-318.861353,1.537468,7.761615,-7.283230,-0.077497,0.986604,-0.027420,0.007120,-0.160658,1.5802645776
55.243637,285.458741,-319.525080,1.520328,7.800250,-7.143326,-0.089832,0.986321,-0.030172,0.008393,-0.161836,1.5812528228
55.343647,286.236080,-320.234188,1.510169,7.772657,-7.090416,-0.101582,0.986329,-0.030011,0.008705,-0.161801,1.6042139852
55.453617,287.091571,-321.178354,1.495579,7.780910,-7.249640,-0.103628,0.986762,-0.024918,0.011038,-0.159868,1.6040454961
55.553729,288.141116,-321.811212,1.490766,8.120874,-7.067012,-0.095504,0.986781,-0.031460,0.017325,-0.158027,1.5863391880
55.653670,288.950739,-322.511402,1.481986,8.100951,-7.005974,-0.087847,0.986853,-0.031504,0.017024,-0.157604,1.6073093332
55.763584,289.806492,-323.520796,1.473822,8.064918,-7.250154,-0.066504,0.986836,-0.023561,0.019641,-0.158791,1.6106496986
55.863585,290.642532,-324.344178,1.455958,8.087428,-7.332576,-0.061118,0.986639,-0.020930,0.021993,-0.160071,1.6127555976
55.963569,291.449944,-325.072251,1.449866,8.075442,-7.281920,-0.060931,0.986638,-0.021026,0.021885,-0.160075,1.6348972871
56.073578,293.037225,-326.578872,1.401967,7.975938,-7.556242,-0.055078,0.986296,-0.013238,0.022628,-0.162887,1.4650089823
56.173531,293.811672,-327.419157,1.386131,7.924606,-7.656307,-0.067472,0.986132,-0.010106,0.023814,-0.163934,1.4657246261
56.283537,294.680621,-328.258641,1.378953,7.899133,-7.631283,-0.065249,0.986178,-0.010211,0.023883,-0.163639,1.4896492624
56.383514,295.527761,-328.897279,1.366435,7.967047,-7.465202,-0.074323,0.986549,-0.014949,0.023451,-0.161085,1.4872254723
56.483525,296.065773,-329.600234,1.358620,7.592145,-7.369567,-0.079448,0.986520,-0.012086,0.015589,-0.162445,1.4871012860
56.593676,296.934280,-330.169255,1.350456,7.571641,-7.014936,-0.076688,0.987026,-0.019853,0.013390,-0.158765,1.4910503313
56.693485,297.630190,-330.882366,1.315771,7.404520,-6.965839,-0.093969,0.986925,-0.018304,0.012662,-0.159639,1.4936596376
56.793548,298.446573,-331.489437,1.315570,7.409957,-6.782509,-0.097015,0.986931,-0.022308,0.014098,-0.158969,1.4968333986
56.903501,300.037993,-331.203894,1.097926,7.396414,-6.615436,-0.114578,0.986801,-0.024207,0.015435,-0.159375,1.3612760639
57.003450,300.843948,-332.001619,1.090726,7.462785,-6.740064,-0.108528,0.987109,-0.020803,0.019811,-0.157448,1.3657088902
57.103459,301.587201,-332.794680,1.090045,7.451542,-6.884563,-0.103215,0.987426,-0.017207,0.021349,-0.155685,1.3701209151
57.213463,302.295871,-334.270944,1.190521,7.362175,-6.739662,-0.089561,0.987445,-0.019134,0.016404,-0.155942,1.2652583543
57.313484,303.051035,-334.869187,1.188254,7.370448,-6.605587,-0.088155,0.987352,-0.022117,0.015995,-0.156177,1.2696051512
57.423487,303.911594,-335.628099,1.176161,7.445563,-6.615182,-0.089707,0.987300,-0.021861,0.018429,-0.156272,1.2758686098
57.523364,304.546950,-336.402017,1.171650,7.279796,-6.750535,-0.094867,0.987098,-0.016230,0.016851,-0.158400,1.2800539796
57.623422,305.324018,-337.091139,1.167014,7.333146,-6.734809,-0.097047,0.987064,-0.017065,0.018627,-0.158324,1.2844013776
57.733438,306.070450,-337.913162,1.157208,7.226944,-6.844373,-0.090568,0.986950,-0.013756,0.017803,-0.159445,1.2907419841
57.833414,306.785105,-338.430919,1.164769,7.176166,-6.586508,-0.077383,0.987315,-0.019832,0.014546,-0.156855,1.2840051706
57.933382,307.422076,-338.989143,1.157211,7.012430,-6.389154,-0.079029,0.987153,-0.022412,0.010403,-0.157853,1.2900631967
58.043479,308.305223,-339.564957,1.159332,7.117680,-6.152140,-0.065428,0.987299,-0.028799,0.012590,-0.155732,1.2976678075
58.143358,309.039973,-340.241650,1.145784,7.078160,-6.182555,-0.064806,0.987284,-0.027418,0.015191,-0.155846,1.3031741915
58.253290,309.809795,-340.818427,1.138327,6.982242,-5.975921,-0.071067,0.987103,-0.031160,0.013838,-0.156414,1.3103019660
58.353290,310.498141,-341.406638,1.129951,6.883473,-5.882109,-0.083757,0.987090,-0.031653,0.013847,-0.156393,1.3291637810
58.453264,310.445935,-342.477262,0.994806,6.798988,-5.787342,-0.091390,0.987122,-0.033279,0.014642,-0.155780,1.2242665566
58.563332,311.168083,-343.080165,0.995507,6.709969,-5.677946,-0.093415,0.986946,-0.034253,0.012919,-0.156833,1.2293585335
58.663276,311.836947,-343.642512,0.986490,6.692435,-5.626663,-0.090225,0.986915,-0.034415,0.012231,-0.157051,1.2491363882
58.763252,312.417192,-344.335144,0.979699,6.551420,-5.781336,-0.082102,0.987429,-0.028713,0.011013,-0.155040,1.2492439176
58.873267,313.580969,-345.263082,1.076834,6.771624,-6.146325,-0.043515,0.988125,-0.022059,0.020264,-0.150706,1.1582825640
58.973209,314.259776,-345.876879,1.072721,6.791963,-6.141493,-0.041159,0.987961,-0.022125,0.020385,-0.151747,1.1768256066
59.073411,314.923035,-346.303584,1.056336,6.762479,-5.827901,-0.048071,0.987791,-0.028183,0.016915,-0.152281,1.1800476803
59.183193,315.376447,-346.964238,1.043408,6.346597,-5.829751,-0.073910,0.987345,-0.022406,0.008176,-0.156785,1.1853226925
59.283187,316.009118,-347.544604,1.036023,6.327136,-5.804051,-0.073848,0.987335,-0.022261,0.007978,-0.156876,1.2058961105
59.393192,316.929215,-348.279945,1.023134,6.655740,-5.920236,-0.073285,0.987599,-0.022828,0.016173,-0.154482,1.2094080614
59.493214,317.703232,-348.864084,1.025821,6.819452,-5.880467,-0.058079,0.987790,-0.024803,0.019578,-0.152555,1.2115976383
59.593432,318.202366,-349.510058,1.011472,6.563727,-5.943872,-0.061894,0.987313,-0.019912,0.015150,-0.156800,1.2143080533
59.703135,318.960839,-349.980326,0.997390,6.603593,-5.671788,-0.084381,0.987908,-0.026397,0.013289,-0.152201,1.2192643406
59.803118,319.616664,-350.645067,0.987243,6.603814,-5.782949,-0.087710,0.987580,-0.022984,0.014681,-0.154734,1.2224595124
59.903116,320.277374,-351.220174,0.980045,6.607229,-5.751187,-0.071975,0.987536,-0.022974,0.015107,-0.154974,1.2437975392
60.013110,321.003332,-351.849616,0.973156,6.600026,-5.722554,-0.062631,0.987539,-0.023135,0.015425,-0.154900,1.2700345563
60.113145,321.661720,-352.420409,0.966226,6.581568,-5.705932,-0.069284,0.987794,-0.023101,0.015425,-0.153271,1.2966573715
60.213099,322.227708,-353.076873,0.937728,6.467020,-5.795693,-0.095869,0.987390,-0.019085,0.014367,-0.156494,1.2595322832
60.323090,322.938805,-353.681180,0.931095,6.462840,-5.734856,-0.087427,0.987322,-0.019990,0.013895,-0.156855,1.2626342605
60.423063,323.518887,-354.404232,0.916035,6.378750,-5.906402,-0.085495,0.986670,-0.014094,0.014654,-0.161458,1.2643585090
60.533051,324.275649,-355.133093,0.900749,6.443952,-6.008658,-0.092487,0.986438,-0.012296,0.017857,-0.162697,1.2689291727
60.633082,325.022760,-355.722468,0.886703,6.572102,-5.998914,-0.097122,0.986593,-0.013791,0.020978,-0.161260,1.2718091904
60.733000,325.429589,-356.409682,0.871503,6.257097,-6.114541,-0.109130,0.985762,-0.006268,0.015499,-0.167311,1.2751376841
60.843011,326.123371,-357.084652,0.856994,6.306474,-6.135474,-0.131880,0.985474,-0.005160,0.015582,-0.169033,1.2980884805
60.942996,326.822183,-357.543989,0.857519,6.421543,-5.955159,-0.125047,0.986360,-0.010300,0.014543,-0.163636,1.2992039091
61.043156,327.515853,-358.473734,0.856975,6.511165,-6.421292,-0.098119,0.984660,-0.000154,0.021188,-0.173192,1.3014691302
61.153043,328.217357,-359.004501,0.840322,6.534935,-6.235390,-0.103270,0.985435,-0.004332,0.017564,-0.169085,1.3078247910
61.252970,328.875960,-359.630920,0.830083,6.590841,-6.268767,-0.102465,0.985339,-0.003399,0.017410,-0.169684,1.3299055663
61.352971,329.448247,-360.194450,0.818417,6.514751,-6.226464,-0.103531,0.985251,-0.003046,0.013645,-0.170546,1.3301893121
61.462958,330.315427,-360.795894,0.807361,6.744330,-6.156750,-0.114175,0.986118,-0.007305,0.016185,-0.165091,1.3337898457
61.563133,330.997338,-361.416480,0.796522,6.807166,-6.194990,-0.108204,0.985892,-0.006032,0.016087,-0.166501,1.3569965446
61.672956,331.892940,-362.163594,0.791698,7.061653,-6.306202,-0.106227,0.985643,-0.005033,0.021124,-0.167440,1.3569927027
61.772908,332.637508,-362.974349,0.782277,7.174131,-6.577453,-0.113163,0.984047,0.000903,0.025318,-0.176098,1.3564480682
61.872968,333.290756,-363.658913,0.756660,7.156961,-6.693264,-0.120997,0.983272,0.003878,0.023845,-0.180532,1.3576061401
61.982931,333.967977,-364.536815,0.748840,7.064501,-6.934379,-0.132417,0.981205,0.011383,0.022904,-0.191267,1.3615446412
62.083017,334.372188,-365.151147,0.736327,6.744338,-6.899187,-0.129454,0.980322,0.015428,0.012593,-0.196397,1.3641288663
62.182853,335.095683,-365.694462,0.732426,6.863862,-6.772451,-0.109096,0.981756,0.010861,0.011263,-0.189502,1.3687965063
62.292845,335.995833,-366.502722,0.711847,7.120897,-6.915084,-0.110535,0.981412,0.010605,0.016708,-0.190891,1.3754161943
62.392829,336.716677,-367.201785,0.697754,7.209581,-6.991742,-0.140956,0.981045,0.011166,0.016831,-0.192724,1.3968628669
62.502818,337.597444,-367.903735,0.687550,7.440444,-6.959590,-0.156381,0.981887,0.008520,0.016587,-0.188548,1.3999135900
62.603017,338.355668,-368.609181,0.671144,7.567177,-7.040445,-0.163738,0.981560,0.009308,0.015943,-0.190260,1.4235806739
62.702984,338.934355,-369.347813,0.678765,7.441135,-7.183893,-0.119533,0.980064,0.014328,0.010753,-0.197874,1.4210776690
62.812806,339.733239,-370.184406,0.664009,7.489114,-7.330461,-0.119252,0.978952,0.016855,0.010699,-0.203111,1.4225733270
62.912788,340.391538,-370.631298,0.650356,7.468003,-7.026609,-0.098680,0.982176,0.011203,0.002491,-0.187612,1.4233587882
63.012762,341.248537,-371.475701,0.647607,7.703792,-7.320382,-0.110096,0.980357,0.014146,0.008167,-0.196554,1.4266133720
63.122774,342.109718,-372.293607,0.635619,7.828054,-7.434693,-0.108969,0.979847,0.015739,0.008700,-0.198940,1.4516140614
63.222719,342.726218,-373.161513,0.614984,7.695100,-7.729590,-0.120375,0.976432,0.023308,0.006552,-0.214461,1.4505481299
63.322744,343.478636,-373.886036,0.552437,7.711134,-7.748031,-0.159423,0.976671,0.023679,0.005598,-0.213359,1.4506732697
63.432730,344.269818,-374.858050,0.550581,7.711809,-8.035147,-0.164542,0.974140,0.028709,0.006088,-0.224029,1.4545696408
63.532718,344.970915,-375.654177,0.531056,7.671646,-8.136037,-0.171120,0.973130,0.030847,0.004134,-0.228145,1.4566454332
63.642708,345.979783,-376.650701,0.521194,7.957766,-8.398305,-0.198582,0.972118,0.030785,0.009787,-0.232257,1.4615139439
63.742670,346.745928,-377.626496,0.528655,7.988535,-8.719694,-0.191260,0.969069,0.035251,0.011046,-0.244010,1.4646457443
63.842669,347.462112,-378.433371,0.501972,7.942501,-8.777269,-0.188244,0.968779,0.035399,0.007406,-0.245273,1.4681634919
63.952725,348.259773,-379.408295,0.459029,7.884764,-8.927862,-0.236941,0.967061,0.037036,0.005189,-0.251784,1.4735996534
64.052899,349.009121,-380.089525,0.402629,7.892754,-8.761122,-0.255174,0.968633,0.032217,-0.001888,-0.246391,1.4774099776
64.152720,349.852672,-380.985371,0.409583,8.027158,-8.936889,-0.227181,0.967955,0.030841,-0.001470,-0.249220,1.4822941652
64.262637,350.748601,-382.108970,0.407714,8.088438,-9.302919,-0.213176,0.964782,0.032951,0.000921,-0.260977,1.4889905514
64.362651,351.532195,-383.154239,0.406247,8.072077,-9.634279,-0.215913,0.961822,0.035902,0.001762,-0.271305,1.4933328772
64.462597,352.182884,-384.167438,0.399752,7.839670,-9.905608,-0.199368,0.958041,0.040879,-0.003231,-0.283681,1.4978199774
64.572812,353.044652,-385.293042,0.409211,7.830286,-10.169883,-0.171798,0.956282,0.042235,-0.004041,-0.289352,1.5044332004
64.672630,353.783194,-386.245048,0.392355,7.757838,-10.271073,-0.145103,0.954660,0.042387,-0.007325,-0.294574,1.5087723154
64.782599,354.634375,-387.400894,0.376531,7.740224,-10.510697,-0.143900,0.952714,0.044148,-0.007204,-0.300559,1.5310563129
64.882560,355.055382,-388.783418,0.461328,7.704048,-10.383960,-0.137252,0.951967,0.040810,-0.014381,-0.303129,1.3805325656
64.982560,355.852246,-389.938247,0.445364,7.740381,-10.751541,-0.155869,0.950305,0.043913,-0.010572,-0.308026,1.3834906530
65.092736,356.623680,-391.101714,0.448415,7.611598,-10.925248,-0.141988,0.946963,0.045262,-0.013551,-0.317849,1.3887361155
65.192529,357.379754,-392.212643,0.428984,7.576394,-11.132286,-0.194713,0.944989,0.046690,-0.013765,-0.323461,1.4087640692
65.292493,356.892658,-392.709171,0.407157,7.456161,-11.425666,-0.208128,0.941674,0.049523,-0.015671,-0.332494,1.2888556030
65.402503,357.479461,-393.964886,0.402587,7.034080,-11.659659,-0.157658,0.934406,0.055197,-0.022855,-0.351164,1.2941171143
65.502497,358.209346,-395.190970,0.385887,7.027289,-11.941289,-0.160376,0.933074,0.055588,-0.020172,-0.354791,1.2976848539
65.602691,358.903688,-396.409223,0.367071,6.929920,-12.158844,-0.187790,0.930483,0.056089,-0.019337,-0.361498,1.3183522775
65.712482,359.651793,-397.770854,0.339636,6.813906,-12.402056,-0.249891,0.927801,0.056353,-0.019320,-0.368289,1.3437050117
65.812482,360.353815,-398.872707,0.316475,6.700961,-12.392072,-0.246649,0.925652,0.052685,-0.022900,-0.373991,1.3387560573
65.922420,361.142478,-400.171560,0.286875,6.626260,-12.471714,-0.264791,0.923559,0.049013,-0.023687,-0.379573,1.3215008034
66.022423,361.018699,-401.333659,0.192364,6.470657,-12.521256,-0.275857,0.920608,0.046342,-0.026117,-0.386849,1.2241541336
66.122444,361.672991,-402.643919,0.166972,6.348587,-12.719693,-0.307909,0.918817,0.046689,-0.024859,-0.391124,1.2280081086
66.232414,362.348916,-404.061479,0.131326,6.146439,-12.890404,-0.324143,0.915482,0.046770,-0.025944,-0.398789,1.2501802522
66.332432,362.931464,-405.268966,0.122438,5.949819,-12.896629,-0.287151,0.910341,0.045090,-0.030310,-0.410277,1.2511516766
66.432401,363.607590,-406.508151,0.095721,5.892492,-12.965192,-0.271104,0.906431,0.040543,-0.031386,-0.419230,1.2532421861
66.542602,364.048445,-408.014726,0.075948,5.420098,-13.204983,-0.312163,0.903295,0.047386,-0.032148,-0.425182,1.2580200570
66.642431,364.642360,-409.119414,0.050347,5.295860,-13.015655,-0.279788,0.894204,0.040102,-0.038572,-0.444188,1.2610223846
66.742352,365.239365,-410.466067,0.037509,5.203344,-13.151399,-0.290973,0.891986,0.037717,-0.036374,-0.449017,1.2648375095
66.852337,365.723441,-412.058365,0.031819,4.873259,-13.449184,-0.312748,0.892152,0.042113,-0.033510,-0.448518,1.2709995543
66.952331,366.226439,-413.240478,-0.003512,4.675980,-13.290022,-0.314022,0.883022,0.037789,-0.039099,-0.466171,1.2750821315
67.062456,366.762125,-414.739650,-0.029339,4.482873,-13.430159,-0.315633,0.879391,0.037016,-0.039002,-0.473054,1.2811582459
67.162397,367.435761,-416.031792,-0.061106,4.568842,-13.439694,-0.268221,0.871731,0.027253,-0.039629,-0.487618,1.2852467736
67.262284,367.978087,-417.286068,-0.099932,4.486216,-13.394127,-0.250923,0.863676,0.022023,-0.042296,-0.501787,1.2900849419
67.372273,368.344791,-418.750611,-0.123306,4.116090,-13.434492,-0.260598,0.859878,0.025537,-0.044027,-0.507956,1.2966669976
67.472296,368.754489,-420.043750,-0.152952,3.934115,-13.398807,-0.260938,0.854680,0.023962,-0.046088,-0.516550,1.3009267924
67.572456,369.253146,-421.449267,-0.183045,3.917099,-13.531066,-0.265980,0.851967,0.019559,-0.043931,-0.521383,1.3050934348
67.682272,369.455501,-423.009666,-0.196004,3.423704,-13.697488,-0.300387,0.852023,0.027355,-0.042891,-0.521027,1.3113268868
67.782221,369.820629,-424.297577,-0.220391,3.274914,-13.618183,-0.290625,0.845593,0.024454,-0.046185,-0.531265,1.3159108025
67.882245,370.210792,-425.667409,-0.249991,3.141101,-13.659566,-0.295907,0.841154,0.020678,-0.045823,-0.538455,1.3206239631
67.992249,370.528176,-427.174373,-0.283974,2.885224,-13.699242,-0.308931,0.837317,0.020754,-0.045755,-0.544404,1.3428691380
68.092395,370.868846,-428.726600,-0.314484,2.783207,-13.968536,-0.328834,0.837834,0.018794,-0.039734,-0.544153,1.3438603939
68.202234,371.224385,-430.330878,-0.353254,2.653756,-14.081416,-0.330360,0.834772,0.016008,-0.038026,-0.549048,1.3480277159
68.302218,371.466909,-431.768452,-0.388611,2.451955,-14.130831,-0.350282,0.831835,0.015993,-0.037730,-0.553508,1.3371208672
68.402174,371.693715,-433.183494,-0.424096,2.269083,-14.156765,-0.355003,0.828095,0.015570,-0.038313,-0.559060,1.3560606848
68.512153,371.916308,-434.740897,-0.465200,2.023945,-14.160798,-0.373744,0.823983,0.014494,-0.038932,-0.565089,1.3794954702
68.612334,372.663634,-436.982280,-0.487138,1.975659,-14.064177,-0.365368,0.817067,0.009353,-0.043480,-0.574824,1.2627310237
68.712200,372.801626,-438.474265,-0.501635,1.708227,-14.169298,-0.340253,0.815586,0.009707,-0.041395,-0.577072,1.2643502962
68.822107,372.952933,-440.014924,-0.521356,1.455149,-14.124564,-0.329566,0.811476,0.009406,-0.042536,-0.582759,1.2687085903
68.922114,373.138625,-441.645636,-0.534748,1.324349,-14.407623,-0.315044,0.810664,0.005732,-0.036202,-0.584363,1.2585070900
69.022094,373.250642,-443.083289,-0.565729,1.120400,-14.379428,-0.309873,0.806402,0.004984,-0.036412,-0.590224,1.2772164000
69.132132,373.415770,-444.599855,-0.609836,1.019398,-14.246889,-0.329246,0.800807,0.001160,-0.038514,-0.597681,1.2819353913
69.232191,373.476331,-445.982496,-0.664692,0.829309,-14.128359,-0.377091,0.797794,0.001509,-0.039593,-0.601627,1.2849227491
69.332051,373.575936,-447.356534,-0.725587,0.699616,-14.014427,-0.419287,0.794153,0.000242,-0.041619,-0.606291,1.2883942571
69.442048,373.731192,-449.024100,-0.773618,0.676961,-14.059383,-0.425237,0.791400,-0.004874,-0.038010,-0.610096,1.2943396124
69.542224,373.809265,-450.525002,-0.816370,0.594046,-14.116236,-0.414779,0.789527,-0.007449,-0.035343,-0.612652,1.2982990631
69.642045,373.915092,-451.790965,-0.863120,0.581869,-13.823961,-0.445437,0.786555,-0.008501,-0.041101,-0.616093,1.3023285929
69.752091,373.929723,-453.225456,-0.883987,0.401427,-13.609388,-0.426194,0.785942,-0.006436,-0.044673,-0.616650,1.3086748643
69.852120,373.891764,-454.753103,-0.890450,0.232995,-13.755747,-0.386232,0.785001,-0.006812,-0.038245,-0.618275,1.3130537221
69.952052,374.040259,-456.194726,-0.925191,0.350107,-13.763852,-0.369698,0.779063,-0.013410,-0.036741,-0.625725,1.3175622723
70.062130,374.071496,-457.699356,-0.966734,0.283778,-13.668859,-0.377401,0.778182,-0.012954,-0.037731,-0.626770,1.3394884949
70.161996,374.200166,-459.288020,-0.983734,0.414657,-13.896048,-0.312820,0.769352,-0.021259,-0.030931,-0.637721,1.3409447983
70.271995,374.234359,-460.879869,-0.996890,0.407018,-13.873474,-0.283714,0.767006,-0.023014,-0.027758,-0.640625,1.3461538013
70.371940,374.274967,-462.255479,-1.026011,0.406304,-13.763586,-0.291369,0.766335,-0.024697,-0.028324,-0.641341,1.3679018693
70.471928,374.437733,-463.979077,-1.105594,0.604030,-14.150591,-0.304823,0.750655,-0.036797,-0.016293,-0.659467,1.3512930882
70.582061,374.504766,-465.520314,-1.141925,0.608650,-13.994361,-0.329877,0.750633,-0.038182,-0.016635,-0.659406,1.3740372901
70.681903,375.469555,-467.724429,-1.269917,0.622422,-13.965227,-0.375520,0.750742,-0.037989,-0.015107,-0.659330,1.2672081119
70.781885,375.518082,-469.154787,-1.305723,0.631952,-13.905305,-0.379754,0.749682,-0.038924,-0.013512,-0.660514,1.2708366649
70.891881,375.409873,-470.716100,-1.341288,0.456419,-13.832076,-0.401498,0.751817,-0.034438,-0.009795,-0.658399,1.2767345890
70.991923,376.173117,-471.220537,-1.387202,0.561534,-13.805255,-0.387382,0.748174,-0.036911,-0.006623,-0.662442,1.1921779123
71.092047,376.259736,-472.718433,-1.421493,0.701851,-13.889164,-0.373352,0.742201,-0.040791,-0.002306,-0.668931,1.1973323041
71.201849,376.275610,-474.186848,-1.435793,0.721787,-13.706250,-0.375049,0.746828,-0.038636,-0.003275,-0.663886,1.2040970490
71.301838,376.272519,-475.600994,-1.480091,0.706548,-13.652390,-0.397715,0.747037,-0.037982,0.000563,-0.663696,1.2084139074
71.401855,376.291950,-477.063896,-1.512851,0.760455,-13.703510,-0.411934,0.744904,-0.039139,0.005958,-0.665997,1.2127573515
71.511870,376.392833,-478.557921,-1.562494,0.916986,-13.580158,-0.451235,0.747119,-0.039564,0.005359,-0.663490,1.2358515574
71.611921,376.397620,-479.996148,-1.585276,0.943044,-13.602700,-0.428403,0.746671,-0.038295,0.009285,-0.664026,1.2364660350
71.711908,376.323940,-481.591601,-1.620664,0.909432,-13.861338,-0.382486,0.739593,-0.038263,0.020426,-0.671655,1.2384666788
71.821781,376.446361,-483.104272,-1.662978,1.114211,-13.767505,-0.385121,0.742352,-0.039835,0.020462,-0.668512,1.2634092599
71.921790,376.573948,-484.473139,-1.706353,1.275752,-13.687402,-0.433703,0.745179,-0.041281,0.020431,-0.665272,1.2884035414
72.021793,376.673186,-485.970562,-1.745318,1.432994,-13.782394,-0.465954,0.741493,-0.042663,0.024973,-0.669137,1.2814399156
72.131809,376.865768,-487.601192,-1.801410,1.705379,-13.856440,-0.470024,0.737975,-0.044814,0.027412,-0.672780,1.2812866910
72.231744,377.060488,-488.976542,-1.849583,1.948465,-13.762442,-0.482045,0.741542,-0.045821,0.026184,-0.668827,1.3066983523
72.341703,377.219543,-490.454067,-1.864817,2.127764,-13.628796,-0.476010,0.747317,-0.044730,0.025847,-0.662456,1.3027638437
72.441777,377.483091,-491.888007,-1.873948,2.393857,-13.615278,-0.465144,0.746156,-0.047884,0.026747,-0.663508,1.2995719645
72.541848,377.718197,-493.234283,-1.876024,2.592993,-13.501791,-0.442115,0.750047,-0.048041,0.026238,-0.659116,1.2989579582
72.651705,377.887586,-494.568037,-1.902752,2.681953,-13.180154,-0.450564,0.762175,-0.043597,0.024271,-0.645446,1.3021191947
72.751714,378.067578,-496.012373,-1.937374,2.788464,-13.248962,-0.435024,0.761223,-0.042817,0.029565,-0.646400,1.3037752197
72.851643,378.372895,-497.324386,-1.983162,3.055341,-13.129461,-0.458208,0.765398,-0.043167,0.028999,-0.641453,1.3263781736
72.961663,378.683848,-499.032927,-2.015622,3.303433,-13.392236,-0.441458,0.758550,-0.045072,0.036858,-0.649008,1.3272107895
73.061801,379.044226,-500.364002,-2.060613,3.598817,-13.292407,-0.449294,0.762837,-0.046310,0.036195,-0.643913,1.3515579842
73.161684,379.257573,-501.527291,-2.080935,3.640665,-12.966988,-0.444351,0.776074,-0.042033,0.033887,-0.628326,1.3272706457
73.271624,379.575638,-502.998197,-2.123103,3.796121,-12.926586,-0.453046,0.780716,-0.040279,0.035665,-0.622565,1.3327242244
73.371584,379.983251,-504.278774,-2.169330,4.077762,-12.810905,-0.462451,0.784301,-0.041606,0.034719,-0.618010,1.3546585883
73.471638,380.416262,-505.548194,-2.218534,4.327756,-12.687286,-0.491774,0.788360,-0.043231,0.033934,-0.612755,1.3787294999
73.581722,380.682909,-507.244153,-2.265523,4.336399,-12.977950,-0.464142,0.783868,-0.040658,0.044787,-0.617974,1.3557931910
73.681627,381.142777,-508.531285,-2.314112,4.603034,-12.883493,-0.486347,0.788411,-0.041971,0.043192,-0.612194,1.3778539224
73.781540,381.628592,-509.805096,-2.364189,4.862380,-12.749214,-0.501210,0.792352,-0.042607,0.042050,-0.607120,1.4024179709
73.891554,381.918698,-511.363679,-2.416902,4.827514,-12.865117,-0.436641,0.794723,-0.037565,0.049030,-0.603822,1.3989774956
73.991561,382.567962,-512.759784,-2.402774,5.250545,-12.938707,-0.421083,0.794011,-0.042336,0.050131,-0.604352,1.3787364797
74.091695,383.120515,-514.044350,-2.448609,5.518141,-12.828489,-0.457746,0.798297,-0.042226,0.049088,-0.598773,1.4000838820
74.201496,383.593867,-515.383522,-2.469674,5.616497,-12.632480,-0.408292,0.806540,-0.036470,0.048471,-0.588060,1.4030156634
74.301505,384.075964,-516.803348,-2.502221,5.779716,-12.752412,-0.369516,0.808122,-0.034340,0.053779,-0.585549,1.4045807809
74.411479,384.523977,-518.377374,-2.574715,5.853891,-12.879048,-0.352780,0.811461,-0.029868,0.060642,-0.580483,1.3952250566
74.511499,385.139860,-519.657126,-2.611557,6.157612,-12.794995,-0.368344,0.816108,-0.030580,0.059797,-0.573983,1.4152951674
74.611613,385.717162,-520.744739,-2.609551,6.344616,-12.443986,-0.351253,0.825732,-0.028042,0.054571,-0.560717,1.4187288220
74.721435,386.448458,-522.099118,-2.651723,6.658868,-12.332396,-0.384002,0.830695,-0.028921,0.053811,-0.553366,1.4427022891
74.821488,387.142982,-523.321029,-2.692607,6.941554,-12.212616,-0.408624,0.835398,-0.029738,0.053177,-0.546257,1.4671063457
74.921425,387.956851,-524.301831,-2.661015,7.311921,-11.766971,-0.416904,0.844050,-0.032071,0.045522,-0.533366,1.4615894316
75.031486,388.501799,-525.575117,-2.668430,7.217500,-11.523162,-0.339116,0.851510,-0.024229,0.047965,-0.521578,1.4621563141
75.131407,389.134477,-526.840942,-2.697139,7.294123,-11.445708,-0.314826,0.854981,-0.022218,0.052876,-0.515478,1.4627496782
75.231414,389.807538,-527.943875,-2.725494,7.401103,-11.165896,-0.315562,0.860928,-0.021001,0.052885,-0.505535,1.4645259968
75.341409,390.644608,-529.137256,-2.759556,7.610045,-10.849368,-0.309675,0.865769,-0.021553,0.052459,-0.497219,1.4899740055
75.441413,391.319516,-530.100993,-2.774832,7.634609,-10.460402,-0.293336,0.873261,-0.019213,0.049568,-0.484343,1.4879996063
75.541652,391.948528,-531.130972,-2.810720,7.571615,-10.180320,-0.263303,0.880833,-0.016338,0.049902,-0.470506,1.4883271453
75.651455,392.998778,-532.141674,-2.802759,7.966290,-9.765975,-0.271870,0.880508,-0.021331,0.046035,-0.471308,1.4921620306
75.751334,393.678084,-533.127497,-2.859294,7.915152,-9.515992,-0.264866,0.887642,-0.019657,0.046659,-0.457743,1.4942837974
75.861305,394.342408,-534.107256,-2.894830,7.749880,-9.182382,-0.230502,0.897530,-0.016246,0.045579,-0.438291,1.4989967185
75.961295,395.004231,-534.960658,-2.932135,7.676053,-8.857955,-0.222276,0.903931,-0.014757,0.043917,-0.425161,1.5022781829
76.061429,395.603228,-535.795393,-2.977848,7.454129,-8.534258,-0.224175,0.911086,-0.012134,0.042468,-0.409844,1.5060186045
76.171287,396.556386,-536.690024,-2.987084,7.684913,-8.253089,-0.227753,0.910742,-0.015806,0.040881,-0.410642,1.5117150340
76.271303,397.296945,-537.518722,-3.007658,7.679347,-8.083005,-0.203773,0.913904,-0.016021,0.040532,-0.403584,1.5152895769
76.371261,397.964074,-538.578332,-3.053151,7.566684,-8.275918,-0.146655,0.920740,-0.014189,0.049436,-0.386772,1.5190704022
76.481285,398.796640,-539.468212,-3.066845,7.567155,-8.088087,-0.124464,0.922531,-0.014168,0.048386,-0.382614,1.5417044513
76.581377,399.552354,-540.262068,-3.076868,7.550162,-7.931224,-0.100146,0.923761,-0.013351,0.047419,-0.379788,1.5648569419
76.681262,400.072909,-540.941413,-3.117178,7.180422,-7.653412,-0.086500,0.926001,-0.005566,0.041023,-0.375245,1.5628380556
76.791247,400.758220,-541.505413,-3.108268,6.921117,-7.108680,-0.066940,0.923430,-0.001376,0.031030,-0.382507,1.5500758986
76.891203,401.483945,-542.298598,-3.127648,6.860409,-7.063809,-0.028765,0.926407,-0.001853,0.036130,-0.374782,1.5553767740
77.001178,402.081783,-543.296113,-3.196567,6.521596,-7.198138,-0.013069,0.933545,0.002443,0.044502,-0.355680,1.5624286369
77.101229,402.721233,-544.000462,-3.196567,6.391289,-7.039948,-0.000002,0.934122,0.003104,0.045277,-0.354056,1.5844730876
77.201187,403.425353,-544.471015,-3.206491,6.367376,-6.532822,-0.042457,0.928448,0.001836,0.038398,-0.369468,1.5864954887
77.311219,403.942772,-545.177302,-3.230422,5.969171,-6.385469,-0.049786,0.929728,0.007679,0.036836,-0.366319,1.5916840099
77.411150,404.520494,-545.796603,-3.234955,5.781208,-6.197287,-0.045367,0.930141,0.007753,0.036962,-0.365256,1.6156493588
77.511133,405.084250,-546.404767,-3.238929,5.638547,-6.082711,-0.039746,0.930169,0.008193,0.036705,-0.365202,1.6419888003
77.621371,405.982405,-546.898214,-3.268307,5.897953,-5.727513,-0.064541,0.925100,0.000850,0.034324,-0.378169,1.6356325237
77.721137,406.495422,-547.453709,-3.291556,5.728045,-5.629571,-0.070081,0.924864,0.003669,0.032512,-0.378888,1.6321711638
77.821127,407.030498,-547.902713,-3.300614,5.631482,-5.426736,-0.078752,0.922248,0.005909,0.028056,-0.385535,1.6311628753
77.931200,407.585516,-548.252264,-3.281861,5.507155,-5.073373,-0.083048,0.916717,0.008885,0.018833,-0.398994,1.6339856689
78.031077,408.130241,-548.756552,-3.288113,5.453956,-5.049092,-0.062598,0.916026,0.009547,0.017938,-0.400603,1.6571492611
78.141130,408.765696,-549.319738,-3.294250,5.449808,-5.026833,-0.054299,0.916581,0.008372,0.018835,-0.399317,1.6571801867
78.241074,409.302419,-549.815367,-3.298669,5.370257,-4.959093,-0.044218,0.916433,0.008363,0.019246,-0.399637,1.6818228038
78.341020,410.194369,-550.292935,-3.323032,5.788318,-4.883009,-0.032791,0.919301,-0.004801,0.023222,-0.392841,1.6761951520
78.451023,410.646346,-551.907533,-3.456649,5.676366,-4.813517,-0.038452,0.919212,-0.005159,0.023518,-0.393026,1.5304652493
78.551211,410.918899,-552.404955,-3.464754,5.186168,-4.762243,-0.059433,0.916227,0.006039,0.021228,-0.400051,1.5253749272
78.651120,411.355013,-552.983459,-3.469041,4.987472,-4.829844,-0.055015,0.917006,0.009245,0.023881,-0.398050,1.5240683361
78.760989,411.765946,-553.557502,-3.469549,4.701004,-4.813958,-0.040644,0.916053,0.014557,0.024438,-0.400047,1.5267696068
78.860998,412.463934,-553.933532,-3.478378,4.896748,-4.579472,-0.024509,0.917211,0.005651,0.024474,-0.397610,1.5280271464
78.960979,412.820966,-554.653208,-3.493522,4.637432,-4.830776,-0.024005,0.918869,0.011882,0.031649,-0.393112,1.5306274108
79.071003,413.302828,-555.130848,-3.495647,4.495856,-4.674074,-0.017564,0.918151,0.012451,0.030470,-0.394862,1.5369847877
79.170941,413.545947,-555.428805,-3.478935,4.128653,-4.427068,-0.027506,0.915533,0.018784,0.023777,-0.401099,1.5409353202
79.280932,413.983612,-555.903254,-3.481662,3.979104,-4.313527,-0.024796,0.915583,0.018994,0.023990,-0.400964,1.5649536741
79.380910,414.389469,-556.112873,-3.485211,3.853723,-3.931770,-0.032138,0.913607,0.017478,0.018132,-0.405817,1.5662391106
79.480877,414.760547,-556.494430,-3.488515,3.712021,-3.816841,-0.033054,0.913092,0.017754,0.018359,-0.406954,1.5898033881
79.591028,414.983448,-556.646994,-3.476018,3.322536,-3.370642,-0.047448,0.909944,0.021681,0.009633,-0.414053,1.5703203838
79.690960,415.299061,-556.971525,-3.480114,3.158266,-3.247509,-0.040990,0.910103,0.021723,0.009865,-0.413694,1.5924956509
79.790887,415.597130,-557.283116,-3.483350,2.982864,-3.118169,-0.032378,0.910144,0.022060,0.009996,-0.413583,1.6171578942
79.900860,416.181782,-557.635546,-3.502411,3.135019,-3.008858,-0.013586,0.910733,0.013973,0.013635,-0.412533,1.6159045813
80.000907,416.351021,-557.908418,-3.503830,2.814516,-2.851623,-0.023904,0.910219,0.017937,0.012193,-0.413559,1.6146368816
80.110898,416.711877,-558.164263,-3.518454,2.713546,-2.636443,-0.027598,0.909712,0.015579,0.011924,-0.414777,1.6173338639
80.210817,417.046913,-558.347673,-3.528709,2.640602,-2.403342,-0.029115,0.908759,0.012761,0.010657,-0.416991,1.6185296830
80.310846,417.341382,-558.945929,-3.539947,2.548597,-2.719587,0.006163,0.911885,0.013413,0.021795,-0.409647,1.6056154235
80.420866,417.603638,-559.228474,-3.537890,2.383706,-2.568127,0.018703,0.911515,0.013690,0.022043,-0.410446,1.6281660196
80.520793,417.827107,-559.472111,-3.535632,2.236335,-2.438158,0.022595,0.911369,0.013708,0.022220,-0.410761,1.6508912381
80.620883,417.917175,-559.457771,-3.548794,1.911072,-1.965924,-0.014979,0.909467,0.015853,0.013865,-0.415243,1.6508913429
80.730854,418.118166,-559.606995,-3.563390,1.731621,-1.741725,-0.025543,0.908774,0.015366,0.012698,-0.416812,1.6547902787
80.830785,418.285340,-559.845389,-3.562358,1.579633,-1.710737,-0.011526,0.909144,0.015868,0.014965,-0.415910,1.6567654951
80.930741,417.233389,-559.571974,-3.568388,1.224500,-1.520331,-0.029397,0.909010,0.020255,0.012096,-0.416105,1.4874794013
81.040760,417.590299,-559.556291,-3.578586,1.388681,-1.123857,-0.020159,0.906179,0.011530,0.009337,-0.422634,1.4802188519
81.140881,417.732323,-559.808006,-3.598816,1.269032,-1.242445,-0.013916,0.907038,0.012003,0.014175,-0.420639,1.4866131545
81.250709,417.773417,-559.723662,-3.576994,1.002753,-0.832394,-0.026155,0.905567,0.013001,0.006258,-0.423958,1.4943914193
81.350693,417.916945,-559.907105,-3.571485,0.952137,-0.883321,-0.002575,0.905856,0.011874,0.010748,-0.423283,1.5003795025
81.450690,417.950763,-560.035334,-3.573429,0.766670,-0.858228,-0.005783,0.906078,0.014229,0.012039,-0.422700,1.5059633569
81.560806,417.977099,-560.033010,-3.573594,0.572016,-0.652389,-0.021978,0.905585,0.015155,0.008521,-0.423808,1.5131711477
81.660742,418.072833,-560.080047,-3.580421,0.544385,-0.563137,-0.025089,0.905443,0.013335,0.008451,-0.424174,1.5180083055
81.760628,418.188376,-560.042312,-3.580959,0.575162,-0.395523,-0.025261,0.905747,0.009984,0.005399,-0.423667,1.5227938614
81.870630,418.245537,-560.082818,-3.583369,0.519633,-0.368230,-0.021907,0.905766,0.010412,0.004749,-0.423623,1.5450396956
81.970605,418.333679,-560.108213,-3.586863,0.529515,-0.351357,-0.015212,0.906483,0.009006,0.004152,-0.422127,1.5465721562
82.070703,418.384421,-560.142968,-3.588255,0.506929,-0.347212,-0.013902,0.906280,0.009344,0.003908,-0.422556,1.5688016046
82.180628,418.373847,-560.307185,-3.585708,0.369405,-0.511106,-0.009040,0.904624,0.013471,0.008129,-0.425920,1.5694516341
82.280637,418.450797,-560.167371,-3.573999,0.374306,-0.226511,-0.005091,0.906894,0.008960,0.001597,-0.421261,1.5694478335
82.390614,418.417252,-560.293956,-3.566487,0.218917,-0.351294,-0.000124,0.904883,0.012964,0.004998,-0.425434,1.5729349279
82.490565,418.485139,-560.303312,-3.588256,0.219450,-0.280333,-0.014061,0.905836,0.010690,0.004607,-0.423469,1.5748249471
82.590766,418.764302,-560.277498,-3.587977,0.526481,-0.148183,-0.001599,0.909649,-0.000221,0.004390,-0.415355,1.5775574416
82.700546,418.716079,-560.416574,-3.592624,0.316045,-0.292893,-0.005115,0.906707,0.005314,0.008376,-0.421645,1.5836657640
82.800523,418.776344,-560.338239,-3.587121,0.309372,-0.102490,-0.003467,0.908071,0.002460,0.004928,-0.418781,1.5876024120
82.900499,418.772123,-560.634195,-3.592824,0.216976,-0.463914,-0.000681,0.904286,0.007874,0.015363,-0.426578,1.5916556832
83.010522,418.789929,-560.680553,-3.592729,0.161846,-0.421351,0.000863,0.904138,0.008017,0.015379,-0.426889,1.6144613979
83.110556,418.961577,-560.658484,-3.600188,0.367255,-0.315932,-0.000569,0.906828,0.001220,0.013981,-0.421268,1.6166705688
83.210496,418.750737,-560.619190,-3.594284,0.007625,-0.236064,-0.009633,0.904463,0.009799,0.009722,-0.426328,1.6194125500
83.320475,418.748706,-560.646916,-3.594891,-0.018464,-0.252097,-0.005523,0.904493,0.009826,0.009578,-0.426268,1.6440689858
83.420501,418.822112,-560.542164,-3.592788,0.055857,-0.068451,0.001935,0.907171,0.005263,0.005582,-0.420692,1.6435227294
83.530427,418.835276,-560.280082,-3.590217,0.027547,0.307441,-0.001824,0.910149,0.001572,-0.003439,-0.414265,1.6465570106
83.630672,418.831750,-560.247437,-3.590550,-0.035173,0.325653,-0.003328,0.910137,0.001571,-0.003356,-0.414290,1.6698487264
83.730425,418.728549,-560.371292,-3.587874,-0.218033,0.138532,-0.002024,0.907198,0.006670,0.001455,-0.420649,1.6674420628
83.840399,417.844927,-559.249632,-3.703544,-0.329601,0.060985,-0.003233,0.905724,0.008792,0.004638,-0.423751,1.4938129771
83.940549,418.073747,-559.297129,-3.697844,0.040238,-0.015141,0.010537,0.908207,-0.000263,0.008198,-0.418440,1.4964886395
84.040576,417.974506,-559.287289,-3.682090,-0.112420,-0.007246,0.016954,0.906923,0.003420,0.007016,-0.421225,1.5002920212
84.150492,418.156500,-559.294304,-3.689356,0.143954,-0.014150,0.019041,0.909029,-0.003631,0.008764,-0.416625,1.5062196042
84.250356,418.136425,-559.301228,-3.695920,0.097472,-0.011253,0.009837,0.908207,-0.002391,0.008706,-0.418425,1.4967279123
84.350358,418.146590,-559.302050,-3.694570,0.101649,-0.008225,0.013501,0.908238,-0.002351,0.008692,-0.418358,1.5161758341
84.460310,418.135117,-559.337311,-3.701776,0.052827,-0.029085,0.005363,0.907355,-0.001203,0.009977,-0.420246,1.5080557849
84.560497,418.165516,-559.152999,-3.703142,0.081704,0.250044,0.002131,0.909436,-0.004286,0.003554,-0.415806,1.5135312049
84.670388,418.148411,-559.242066,-3.708647,0.041630,0.087225,-0.001365,0.908420,-0.001884,0.007528,-0.417988,1.5208624680
84.770297,418.217537,-559.356064,-3.710836,0.145524,-0.047014,-0.000986,0.907608,-0.002650,0.012910,-0.419612,1.5258433479
84.870370,418.233679,-559.361467,-3.711140,0.161296,-0.053995,-0.003041,0.907419,-0.002552,0.012931,-0.420021,1.5456051898
84.980265,418.169905,-559.562792,-3.708745,0.061966,-0.336977,-0.005334,0.904538,0.002782,0.019200,-0.425951,1.5496215482
85.080414,418.179847,-559.599784,-3.709033,0.099278,-0.369376,-0.002876,0.904518,0.003097,0.019239,-0.425989,1.5713754438
85.180267,418.193539,-559.484131,-3.702793,0.124742,-0.176543,-0.001046,0.906071,0.001328,0.013898,-0.422896,1.5701002338
85.290247,418.188272,-559.477639,-3.701960,0.103270,-0.141700,-0.002422,0.906135,0.001776,0.012935,-0.422786,1.5727497872
85.390270,418.477754,-559.404415,-3.704669,0.491487,-0.021146,-0.005682,0.908649,-0.008895,0.011923,-0.417296,1.5742383058
85.490232,418.406957,-559.449688,-3.706761,0.316477,-0.083293,-0.004474,0.907374,-0.004330,0.012399,-0.420118,1.5776772449
85.600420,418.442791,-559.456658,-3.707528,0.325208,-0.063260,-0.006958,0.908001,-0.004429,0.012267,-0.418766,1.6012313464
85.700255,418.308386,-559.472448,-3.709833,0.136102,-0.116568,-0.007619,0.906855,0.001379,0.011033,-0.421297,1.6013461823
85.810175,418.305384,-559.427737,-3.703532,0.109392,-0.047670,-0.001803,0.907072,0.001508,0.009033,-0.420875,1.6047799410
85.910207,418.317979,-559.318603,-3.703621,0.103884,0.097073,-0.003960,0.907360,0.000337,0.005358,-0.420321,1.6066879584
86.010173,418.327533,-559.308902,-3.704156,0.095574,0.097039,-0.005354,0.907277,0.000346,0.005369,-0.420500,1.6285219938
86.120180,417.415878,-559.459616,-3.570976,0.181737,-0.068370,-0.001110,0.907218,-0.001427,0.010449,-0.420529,1.4574666258
86.220151,417.688117,-559.427048,-3.560150,0.530595,0.001677,0.006779,0.908848,-0.010742,0.011485,-0.416831,1.4583108849
86.320104,417.631188,-559.376209,-3.561315,0.367706,0.094349,0.003291,0.908523,-0.007426,0.008907,-0.417674,1.4609448531
86.430100,417.624788,-559.375081,-3.560985,0.316580,0.075489,0.003749,0.908202,-0.005605,0.008812,-0.418402,1.4661329945
86.530109,417.657201,-559.366176,-3.560415,0.324093,0.089045,0.005696,0.908034,-0.005640,0.008858,-0.418765,1.4870200717
86.630304,417.572615,-559.074594,-3.544893,0.133384,0.496263,0.016125,0.908237,-0.004606,-0.001462,-0.418428,1.4868395315
